30.0,30.0
30.5,30.0
31.0,30.0
31.5,30.0
32.0,30.0
32.5,30.0
33.0,30.0
33.5,30.0
34.0,30.0
34.5,30.0
35.0,30.0
35.5,30.0
36.0,30.0
36.5,30.0
37.0,30.0
37.5,30.0
38.0,30.0
38.5,30.0
39.0,30.0
39.5,30.0
40.0,30.0
40.5,30.0
41.0,30.0
41.5,30.0
42.0,30.0
42.5,30.0
43.0,30.0
43.5,30.0
44.0,30.0
44.5,30.0
45.0,30.0
45.5,30.0
46.0,30.0
46.5,30.0
47.0,30.0
47.5,30.0
48.0,30.0
48.5,30.0
49.0,30.0
49.5,30.0
50.0,30.0
50.5,30.0
51.0,30.0
51.5,30.0
52.0,30.0
52.5,30.0
53.0,30.0
53.5,30.0
54.0,30.0
54.5,30.0
55.0,30.0
55.5,30.0
56.0,30.0
56.5,30.0
57.0,30.0
57.5,30.0
58.0,30.0
58.5,30.0
59.0,30.0
59.5,30.0
60.0,30.0
31.0,29.5
33.0,29.5
33.5,29.5
34.0,29.5
35.0,29.5
35.5,29.5
38.5,29.5
39.0,29.5
40.5,29.5
41.5,29.5
42.0,29.5
43.0,29.5
44.0,29.5
44.5,29.5
45.0,29.5
45.5,29.5
46.0,29.5
46.5,29.5
47.5,29.5
48.5,29.5
49.0,29.5
50.0,29.5
51.5,29.5
52.0,29.5
55.0,29.5
55.5,29.5
56.5,29.5
57.0,29.5
57.5,29.5
59.5,29.5
30.5,29.0
31.5,29.0
32.0,29.0
32.5,29.0
34.5,29.0
36.0,29.0
36.5,29.0
37.0,29.0
37.5,29.0
38.0,29.0
39.5,29.0
40.0,29.0
41.0,29.0
42.5,29.0
43.5,29.0
47.0,29.0
48.0,29.0
49.5,29.0
50.5,29.0
51.0,29.0
52.5,29.0
53.0,29.0
53.5,29.0
54.0,29.0
54.5,29.0
56.0,29.0
58.0,29.0
58.5,29.0
59.0,29.0
60.0,29.0
31.0,28.5
33.0,28.5
33.5,28.5
34.0,28.5
35.0,28.5
35.5,28.5
38.5,28.5
39.0,28.5
40.5,28.5
41.5,28.5
42.0,28.5
43.0,28.5
44.0,28.5
44.5,28.5
45.0,28.5
45.5,28.5
46.0,28.5
46.5,28.5
47.5,28.5
48.5,28.5
49.0,28.5
50.0,28.5
51.5,28.5
52.0,28.5
55.0,28.5
55.5,28.5
56.5,28.5
57.0,28.5
57.5,28.5
59.5,28.5
31.0,28.0
33.0,28.0
33.5,28.0
34.0,28.0
35.0,28.0
35.5,28.0
38.5,28.0
39.0,28.0
40.5,28.0
41.5,28.0
42.0,28.0
43.0,28.0
44.0,28.0
44.5,28.0
45.0,28.0
45.5,28.0
46.0,28.0
46.5,28.0
47.5,28.0
48.5,28.0
49.0,28.0
50.0,28.0
51.5,28.0
52.0,28.0
55.0,28.0
55.5,28.0
56.5,28.0
57.0,28.0
57.5,28.0
59.5,28.0
31.0,27.5
33.0,27.5
33.5,27.5
34.0,27.5
35.0,27.5
35.5,27.5
38.5,27.5
39.0,27.5
40.5,27.5
41.5,27.5
42.0,27.5
43.0,27.5
44.0,27.5
44.5,27.5
45.0,27.5
45.5,27.5
46.0,27.5
46.5,27.5
47.5,27.5
48.5,27.5
49.0,27.5
50.0,27.5
51.5,27.5
52.0,27.5
55.0,27.5
55.5,27.5
56.5,27.5
57.0,27.5
57.5,27.5
59.5,27.5
30.5,27.0
31.5,27.0
32.0,27.0
32.5,27.0
34.5,27.0
36.0,27.0
36.5,27.0
37.0,27.0
37.5,27.0
38.0,27.0
39.5,27.0
40.0,27.0
41.0,27.0
42.5,27.0
43.5,27.0
47.0,27.0
48.0,27.0
49.5,27.0
50.5,27.0
51.0,27.0
52.5,27.0
53.0,27.0
53.5,27.0
54.0,27.0
54.5,27.0
56.0,27.0
58.0,27.0
58.5,27.0
59.0,27.0
60.0,27.0
30.5,26.5
31.5,26.5
32.0,26.5
32.5,26.5
34.5,26.5
36.0,26.5
36.5,26.5
37.0,26.5
37.5,26.5
38.0,26.5
39.5,26.5
40.0,26.5
41.0,26.5
42.5,26.5
43.5,26.5
47.0,26.5
48.0,26.5
49.5,26.5
50.5,26.5
51.0,26.5
52.5,26.5
53.0,26.5
53.5,26.5
54.0,26.5
54.5,26.5
56.0,26.5
58.0,26.5
58.5,26.5
59.0,26.5
60.0,26.5
30.5,26.0
31.5,26.0
32.0,26.0
32.5,26.0
34.5,26.0
36.0,26.0
36.5,26.0
37.0,26.0
37.5,26.0
38.0,26.0
39.5,26.0
40.0,26.0
41.0,26.0
42.5,26.0
43.5,26.0
47.0,26.0
48.0,26.0
49.5,26.0
50.5,26.0
51.0,26.0
52.5,26.0
53.0,26.0
53.5,26.0
54.0,26.0
54.5,26.0
56.0,26.0
58.0,26.0
58.5,26.0
59.0,26.0
60.0,26.0
31.0,25.5
33.0,25.5
33.5,25.5
34.0,25.5
35.0,25.5
35.5,25.5
38.5,25.5
39.0,25.5
40.5,25.5
41.5,25.5
42.0,25.5
43.0,25.5
44.0,25.5
44.5,25.5
45.0,25.5
45.5,25.5
46.0,25.5
46.5,25.5
47.5,25.5
48.5,25.5
49.0,25.5
50.0,25.5
51.5,25.5
52.0,25.5
55.0,25.5
55.5,25.5
56.5,25.5
57.0,25.5
57.5,25.5
59.5,25.5
30.5,25.0
31.5,25.0
32.0,25.0
32.5,25.0
34.5,25.0
36.0,25.0
36.5,25.0
37.0,25.0
37.5,25.0
38.0,25.0
39.5,25.0
40.0,25.0
41.0,25.0
42.5,25.0
43.5,25.0
47.0,25.0
48.0,25.0
49.5,25.0
50.5,25.0
51.0,25.0
52.5,25.0
53.0,25.0
53.5,25.0
54.0,25.0
54.5,25.0
56.0,25.0
58.0,25.0
58.5,25.0
59.0,25.0
60.0,25.0
30.5,24.5
31.5,24.5
32.0,24.5
32.5,24.5
34.5,24.5
36.0,24.5
36.5,24.5
37.0,24.5
37.5,24.5
38.0,24.5
39.5,24.5
40.0,24.5
41.0,24.5
42.5,24.5
43.5,24.5
47.0,24.5
48.0,24.5
49.5,24.5
50.5,24.5
51.0,24.5
52.5,24.5
53.0,24.5
53.5,24.5
54.0,24.5
54.5,24.5
56.0,24.5
58.0,24.5
58.5,24.5
59.0,24.5
60.0,24.5
31.0,24.0
33.0,24.0
33.5,24.0
34.0,24.0
35.0,24.0
35.5,24.0
38.5,24.0
39.0,24.0
40.5,24.0
41.5,24.0
42.0,24.0
43.0,24.0
44.0,24.0
44.5,24.0
45.0,24.0
45.5,24.0
46.0,24.0
46.5,24.0
47.5,24.0
48.5,24.0
49.0,24.0
50.0,24.0
51.5,24.0
52.0,24.0
55.0,24.0
55.5,24.0
56.5,24.0
57.0,24.0
57.5,24.0
59.5,24.0
31.0,23.5
33.0,23.5
33.5,23.5
34.0,23.5
35.0,23.5
35.5,23.5
38.5,23.5
39.0,23.5
40.5,23.5
41.5,23.5
42.0,23.5
43.0,23.5
44.0,23.5
44.5,23.5
45.0,23.5
45.5,23.5
46.0,23.5
46.5,23.5
47.5,23.5
48.5,23.5
49.0,23.5
50.0,23.5
51.5,23.5
52.0,23.5
55.0,23.5
55.5,23.5
56.5,23.5
57.0,23.5
57.5,23.5
59.5,23.5
31.0,23.0
33.0,23.0
33.5,23.0
34.0,23.0
35.0,23.0
35.5,23.0
38.5,23.0
39.0,23.0
40.5,23.0
41.5,23.0
42.0,23.0
43.0,23.0
44.0,23.0
44.5,23.0
45.0,23.0
45.5,23.0
46.0,23.0
46.5,23.0
47.5,23.0
48.5,23.0
49.0,23.0
50.0,23.0
51.5,23.0
52.0,23.0
55.0,23.0
55.5,23.0
56.5,23.0
57.0,23.0
57.5,23.0
59.5,23.0
31.0,22.5
33.0,22.5
33.5,22.5
34.0,22.5
35.0,22.5
35.5,22.5
38.5,22.5
39.0,22.5
40.5,22.5
41.5,22.5
42.0,22.5
43.0,22.5
44.0,22.5
44.5,22.5
45.0,22.5
45.5,22.5
46.0,22.5
46.5,22.5
47.5,22.5
48.5,22.5
49.0,22.5
50.0,22.5
51.5,22.5
52.0,22.5
55.0,22.5
55.5,22.5
56.5,22.5
57.0,22.5
57.5,22.5
59.5,22.5
31.0,22.0
33.0,22.0
33.5,22.0
34.0,22.0
35.0,22.0
35.5,22.0
38.5,22.0
39.0,22.0
40.5,22.0
41.5,22.0
42.0,22.0
43.0,22.0
44.0,22.0
44.5,22.0
45.0,22.0
45.5,22.0
46.0,22.0
46.5,22.0
47.5,22.0
48.5,22.0
49.0,22.0
50.0,22.0
51.5,22.0
52.0,22.0
55.0,22.0
55.5,22.0
56.5,22.0
57.0,22.0
57.5,22.0
59.5,22.0
30.5,21.5
31.5,21.5
32.0,21.5
32.5,21.5
34.5,21.5
36.0,21.5
36.5,21.5
37.0,21.5
37.5,21.5
38.0,21.5
39.5,21.5
40.0,21.5
41.0,21.5
42.5,21.5
43.5,21.5
47.0,21.5
48.0,21.5
49.5,21.5
50.5,21.5
51.0,21.5
52.5,21.5
53.0,21.5
53.5,21.5
54.0,21.5
54.5,21.5
56.0,21.5
58.0,21.5
58.5,21.5
59.0,21.5
60.0,21.5
30.5,21.0
31.5,21.0
32.0,21.0
32.5,21.0
34.5,21.0
36.0,21.0
36.5,21.0
37.0,21.0
37.5,21.0
38.0,21.0
39.5,21.0
40.0,21.0
41.0,21.0
42.5,21.0
43.5,21.0
47.0,21.0
48.0,21.0
49.5,21.0
50.5,21.0
51.0,21.0
52.5,21.0
53.0,21.0
53.5,21.0
54.0,21.0
54.5,21.0
56.0,21.0
58.0,21.0
58.5,21.0
59.0,21.0
60.0,21.0
31.0,20.5
33.0,20.5
33.5,20.5
34.0,20.5
35.0,20.5
35.5,20.5
38.5,20.5
39.0,20.5
40.5,20.5
41.5,20.5
42.0,20.5
43.0,20.5
44.0,20.5
44.5,20.5
45.0,20.5
45.5,20.5
46.0,20.5
46.5,20.5
47.5,20.5
48.5,20.5
49.0,20.5
50.0,20.5
51.5,20.5
52.0,20.5
55.0,20.5
55.5,20.5
56.5,20.5
57.0,20.5
57.5,20.5
59.5,20.5
31.0,20.0
33.0,20.0
33.5,20.0
34.0,20.0
35.0,20.0
35.5,20.0
38.5,20.0
39.0,20.0
40.5,20.0
41.5,20.0
42.0,20.0
43.0,20.0
44.0,20.0
44.5,20.0
45.0,20.0
45.5,20.0
46.0,20.0
46.5,20.0
47.5,20.0
48.5,20.0
49.0,20.0
50.0,20.0
51.5,20.0
52.0,20.0
55.0,20.0
55.5,20.0
56.5,20.0
57.0,20.0
57.5,20.0
59.5,20.0
30.5,19.5
31.5,19.5
32.0,19.5
32.5,19.5
34.5,19.5
36.0,19.5
36.5,19.5
37.0,19.5
37.5,19.5
38.0,19.5
39.5,19.5
40.0,19.5
41.0,19.5
42.5,19.5
43.5,19.5
47.0,19.5
48.0,19.5
49.5,19.5
50.5,19.5
51.0,19.5
52.5,19.5
53.0,19.5
53.5,19.5
54.0,19.5
54.5,19.5
56.0,19.5
58.0,19.5
58.5,19.5
59.0,19.5
60.0,19.5
31.0,19.0
33.0,19.0
33.5,19.0
34.0,19.0
35.0,19.0
35.5,19.0
38.5,19.0
39.0,19.0
40.5,19.0
41.5,19.0
42.0,19.0
43.0,19.0
44.0,19.0
44.5,19.0
45.0,19.0
45.5,19.0
46.0,19.0
46.5,19.0
47.5,19.0
48.5,19.0
49.0,19.0
50.0,19.0
51.5,19.0
52.0,19.0
55.0,19.0
55.5,19.0
56.5,19.0
57.0,19.0
57.5,19.0
59.5,19.0
30.5,18.5
31.5,18.5
32.0,18.5
32.5,18.5
34.5,18.5
36.0,18.5
36.5,18.5
37.0,18.5
37.5,18.5
38.0,18.5
39.5,18.5
40.0,18.5
41.0,18.5
42.5,18.5
43.5,18.5
47.0,18.5
48.0,18.5
49.5,18.5
50.5,18.5
51.0,18.5
52.5,18.5
53.0,18.5
53.5,18.5
54.0,18.5
54.5,18.5
56.0,18.5
58.0,18.5
58.5,18.5
59.0,18.5
60.0,18.5
30.5,18.0
31.5,18.0
32.0,18.0
32.5,18.0
34.5,18.0
36.0,18.0
36.5,18.0
37.0,18.0
37.5,18.0
38.0,18.0
39.5,18.0
40.0,18.0
41.0,18.0
42.5,18.0
43.5,18.0
47.0,18.0
48.0,18.0
49.5,18.0
50.5,18.0
51.0,18.0
52.5,18.0
53.0,18.0
53.5,18.0
54.0,18.0
54.5,18.0
56.0,18.0
58.0,18.0
58.5,18.0
59.0,18.0
60.0,18.0
31.0,17.5
33.0,17.5
33.5,17.5
34.0,17.5
35.0,17.5
35.5,17.5
38.5,17.5
39.0,17.5
40.5,17.5
41.5,17.5
42.0,17.5
43.0,17.5
44.0,17.5
44.5,17.5
45.0,17.5
45.5,17.5
46.0,17.5
46.5,17.5
47.5,17.5
48.5,17.5
49.0,17.5
50.0,17.5
51.5,17.5
52.0,17.5
55.0,17.5
55.5,17.5
56.5,17.5
57.0,17.5
57.5,17.5
59.5,17.5
30.5,17.0
31.5,17.0
32.0,17.0
32.5,17.0
34.5,17.0
36.0,17.0
36.5,17.0
37.0,17.0
37.5,17.0
38.0,17.0
39.5,17.0
40.0,17.0
41.0,17.0
42.5,17.0
43.5,17.0
47.0,17.0
48.0,17.0
49.5,17.0
50.5,17.0
51.0,17.0
52.5,17.0
53.0,17.0
53.5,17.0
54.0,17.0
54.5,17.0
56.0,17.0
58.0,17.0
58.5,17.0
59.0,17.0
60.0,17.0
31.0,16.5
33.0,16.5
33.5,16.5
34.0,16.5
35.0,16.5
35.5,16.5
38.5,16.5
39.0,16.5
40.5,16.5
41.5,16.5
42.0,16.5
43.0,16.5
44.0,16.5
44.5,16.5
45.0,16.5
45.5,16.5
46.0,16.5
46.5,16.5
47.5,16.5
48.5,16.5
49.0,16.5
50.0,16.5
51.5,16.5
52.0,16.5
55.0,16.5
55.5,16.5
56.5,16.5
57.0,16.5
57.5,16.5
59.5,16.5
30.5,16.0
31.5,16.0
32.0,16.0
32.5,16.0
34.5,16.0
36.0,16.0
36.5,16.0
37.0,16.0
37.5,16.0
38.0,16.0
39.5,16.0
40.0,16.0
41.0,16.0
42.5,16.0
43.5,16.0
47.0,16.0
48.0,16.0
49.5,16.0
50.5,16.0
51.0,16.0
52.5,16.0
53.0,16.0
53.5,16.0
54.0,16.0
54.5,16.0
56.0,16.0
58.0,16.0
58.5,16.0
59.0,16.0
60.0,16.0
30.5,15.5
31.5,15.5
32.0,15.5
32.5,15.5
34.5,15.5
36.0,15.5
36.5,15.5
37.0,15.5
37.5,15.5
38.0,15.5
39.5,15.5
40.0,15.5
41.0,15.5
42.5,15.5
43.5,15.5
47.0,15.5
48.0,15.5
49.5,15.5
50.5,15.5
51.0,15.5
52.5,15.5
53.0,15.5
53.5,15.5
54.0,15.5
54.5,15.5
56.0,15.5
58.0,15.5
58.5,15.5
59.0,15.5
60.0,15.5
30.5,15.0
31.5,15.0
32.0,15.0
32.5,15.0
34.5,15.0
36.0,15.0
36.5,15.0
37.0,15.0
37.5,15.0
38.0,15.0
39.5,15.0
40.0,15.0
41.0,15.0
42.5,15.0
43.5,15.0
47.0,15.0
48.0,15.0
49.5,15.0
50.5,15.0
51.0,15.0
52.5,15.0
53.0,15.0
53.5,15.0
54.0,15.0
54.5,15.0
56.0,15.0
58.0,15.0
58.5,15.0
59.0,15.0
60.0,15.0
30.5,14.5
31.5,14.5
32.0,14.5
32.5,14.5
34.5,14.5
36.0,14.5
36.5,14.5
37.0,14.5
37.5,14.5
38.0,14.5
39.5,14.5
40.0,14.5
41.0,14.5
42.5,14.5
43.5,14.5
47.0,14.5
48.0,14.5
49.5,14.5
50.5,14.5
51.0,14.5
52.5,14.5
53.0,14.5
53.5,14.5
54.0,14.5
54.5,14.5
56.0,14.5
58.0,14.5
58.5,14.5
59.0,14.5
60.0,14.5
30.5,14.0
31.5,14.0
32.0,14.0
32.5,14.0
34.5,14.0
36.0,14.0
36.5,14.0
37.0,14.0
37.5,14.0
38.0,14.0
39.5,14.0
40.0,14.0
41.0,14.0
42.5,14.0
43.5,14.0
47.0,14.0
48.0,14.0
49.5,14.0
50.5,14.0
51.0,14.0
52.5,14.0
53.0,14.0
53.5,14.0
54.0,14.0
54.5,14.0
56.0,14.0
58.0,14.0
58.5,14.0
59.0,14.0
60.0,14.0
30.5,13.5
31.5,13.5
32.0,13.5
32.5,13.5
34.5,13.5
36.0,13.5
36.5,13.5
37.0,13.5
37.5,13.5
38.0,13.5
39.5,13.5
40.0,13.5
41.0,13.5
42.5,13.5
43.5,13.5
47.0,13.5
48.0,13.5
49.5,13.5
50.5,13.5
51.0,13.5
52.5,13.5
53.0,13.5
53.5,13.5
54.0,13.5
54.5,13.5
56.0,13.5
58.0,13.5
58.5,13.5
59.0,13.5
60.0,13.5
31.0,13.0
33.0,13.0
33.5,13.0
34.0,13.0
35.0,13.0
35.5,13.0
38.5,13.0
39.0,13.0
40.5,13.0
41.5,13.0
42.0,13.0
43.0,13.0
44.0,13.0
44.5,13.0
45.0,13.0
45.5,13.0
46.0,13.0
46.5,13.0
47.5,13.0
48.5,13.0
49.0,13.0
50.0,13.0
51.5,13.0
52.0,13.0
55.0,13.0
55.5,13.0
56.5,13.0
57.0,13.0
57.5,13.0
59.5,13.0
30.5,12.5
31.5,12.5
32.0,12.5
32.5,12.5
34.5,12.5
36.0,12.5
36.5,12.5
37.0,12.5
37.5,12.5
38.0,12.5
39.5,12.5
40.0,12.5
41.0,12.5
42.5,12.5
43.5,12.5
47.0,12.5
48.0,12.5
49.5,12.5
50.5,12.5
51.0,12.5
52.5,12.5
53.0,12.5
53.5,12.5
54.0,12.5
54.5,12.5
56.0,12.5
58.0,12.5
58.5,12.5
59.0,12.5
60.0,12.5
31.0,12.0
33.0,12.0
33.5,12.0
34.0,12.0
35.0,12.0
35.5,12.0
38.5,12.0
39.0,12.0
40.5,12.0
41.5,12.0
42.0,12.0
43.0,12.0
44.0,12.0
44.5,12.0
45.0,12.0
45.5,12.0
46.0,12.0
46.5,12.0
47.5,12.0
48.5,12.0
49.0,12.0
50.0,12.0
51.5,12.0
52.0,12.0
55.0,12.0
55.5,12.0
56.5,12.0
57.0,12.0
57.5,12.0
59.5,12.0
30.5,11.5
31.5,11.5
32.0,11.5
32.5,11.5
34.5,11.5
36.0,11.5
36.5,11.5
37.0,11.5
37.5,11.5
38.0,11.5
39.5,11.5
40.0,11.5
41.0,11.5
42.5,11.5
43.5,11.5
47.0,11.5
48.0,11.5
49.5,11.5
50.5,11.5
51.0,11.5
52.5,11.5
53.0,11.5
53.5,11.5
54.0,11.5
54.5,11.5
56.0,11.5
58.0,11.5
58.5,11.5
59.0,11.5
60.0,11.5
30.5,11.0
31.5,11.0
32.0,11.0
32.5,11.0
34.5,11.0
36.0,11.0
36.5,11.0
37.0,11.0
37.5,11.0
38.0,11.0
39.5,11.0
40.0,11.0
41.0,11.0
42.5,11.0
43.5,11.0
47.0,11.0
48.0,11.0
49.5,11.0
50.5,11.0
51.0,11.0
52.5,11.0
53.0,11.0
53.5,11.0
54.0,11.0
54.5,11.0
56.0,11.0
58.0,11.0
58.5,11.0
59.0,11.0
60.0,11.0
31.0,10.5
33.0,10.5
33.5,10.5
34.0,10.5
35.0,10.5
35.5,10.5
38.5,10.5
39.0,10.5
40.5,10.5
41.5,10.5
42.0,10.5
43.0,10.5
44.0,10.5
44.5,10.5
45.0,10.5
45.5,10.5
46.0,10.5
46.5,10.5
47.5,10.5
48.5,10.5
49.0,10.5
50.0,10.5
51.5,10.5
52.0,10.5
55.0,10.5
55.5,10.5
56.5,10.5
57.0,10.5
57.5,10.5
59.5,10.5
30.5,10.0
31.5,10.0
32.0,10.0
32.5,10.0
34.5,10.0
36.0,10.0
36.5,10.0
37.0,10.0
37.5,10.0
38.0,10.0
39.5,10.0
40.0,10.0
41.0,10.0
42.5,10.0
43.5,10.0
47.0,10.0
48.0,10.0
49.5,10.0
50.5,10.0
51.0,10.0
52.5,10.0
53.0,10.0
53.5,10.0
54.0,10.0
54.5,10.0
56.0,10.0
58.0,10.0
58.5,10.0
59.0,10.0
60.0,10.0
31.0,9.5
33.0,9.5
33.5,9.5
34.0,9.5
35.0,9.5
35.5,9.5
38.5,9.5
39.0,9.5
40.5,9.5
41.5,9.5
42.0,9.5
43.0,9.5
44.0,9.5
44.5,9.5
45.0,9.5
45.5,9.5
46.0,9.5
46.5,9.5
47.5,9.5
48.5,9.5
49.0,9.5
50.0,9.5
51.5,9.5
52.0,9.5
55.0,9.5
55.5,9.5
56.5,9.5
57.0,9.5
57.5,9.5
59.5,9.5
31.0,9.0
33.0,9.0
33.5,9.0
34.0,9.0
35.0,9.0
35.5,9.0
38.5,9.0
39.0,9.0
40.5,9.0
41.5,9.0
42.0,9.0
43.0,9.0
44.0,9.0
44.5,9.0
45.0,9.0
45.5,9.0
46.0,9.0
46.5,9.0
47.5,9.0
48.5,9.0
49.0,9.0
50.0,9.0
51.5,9.0
52.0,9.0
55.0,9.0
55.5,9.0
56.5,9.0
57.0,9.0
57.5,9.0
59.5,9.0
30.5,8.5
31.5,8.5
32.0,8.5
32.5,8.5
34.5,8.5
36.0,8.5
36.5,8.5
37.0,8.5
37.5,8.5
38.0,8.5
39.5,8.5
40.0,8.5
41.0,8.5
42.5,8.5
43.5,8.5
47.0,8.5
48.0,8.5
49.5,8.5
50.5,8.5
51.0,8.5
52.5,8.5
53.0,8.5
53.5,8.5
54.0,8.5
54.5,8.5
56.0,8.5
58.0,8.5
58.5,8.5
59.0,8.5
60.0,8.5
30.5,8.0
31.5,8.0
32.0,8.0
32.5,8.0
34.5,8.0
36.0,8.0
36.5,8.0
37.0,8.0
37.5,8.0
38.0,8.0
39.5,8.0
40.0,8.0
41.0,8.0
42.5,8.0
43.5,8.0
47.0,8.0
48.0,8.0
49.5,8.0
50.5,8.0
51.0,8.0
52.5,8.0
53.0,8.0
53.5,8.0
54.0,8.0
54.5,8.0
56.0,8.0
58.0,8.0
58.5,8.0
59.0,8.0
60.0,8.0
31.0,7.5
33.0,7.5
33.5,7.5
34.0,7.5
35.0,7.5
35.5,7.5
38.5,7.5
39.0,7.5
40.5,7.5
41.5,7.5
42.0,7.5
43.0,7.5
44.0,7.5
44.5,7.5
45.0,7.5
45.5,7.5
46.0,7.5
46.5,7.5
47.5,7.5
48.5,7.5
49.0,7.5
50.0,7.5
51.5,7.5
52.0,7.5
55.0,7.5
55.5,7.5
56.5,7.5
57.0,7.5
57.5,7.5
59.5,7.5
31.0,7.0
33.0,7.0
33.5,7.0
34.0,7.0
35.0,7.0
35.5,7.0
38.5,7.0
39.0,7.0
40.5,7.0
41.5,7.0
42.0,7.0
43.0,7.0
44.0,7.0
44.5,7.0
45.0,7.0
45.5,7.0
46.0,7.0
46.5,7.0
47.5,7.0
48.5,7.0
49.0,7.0
50.0,7.0
51.5,7.0
52.0,7.0
55.0,7.0
55.5,7.0
56.5,7.0
57.0,7.0
57.5,7.0
59.5,7.0
31.0,6.5
33.0,6.5
33.5,6.5
34.0,6.5
35.0,6.5
35.5,6.5
38.5,6.5
39.0,6.5
40.5,6.5
41.5,6.5
42.0,6.5
43.0,6.5
44.0,6.5
44.5,6.5
45.0,6.5
45.5,6.5
46.0,6.5
46.5,6.5
47.5,6.5
48.5,6.5
49.0,6.5
50.0,6.5
51.5,6.5
52.0,6.5
55.0,6.5
55.5,6.5
56.5,6.5
57.0,6.5
57.5,6.5
59.5,6.5
31.0,6.0
33.0,6.0
33.5,6.0
34.0,6.0
35.0,6.0
35.5,6.0
38.5,6.0
39.0,6.0
40.5,6.0
41.5,6.0
42.0,6.0
43.0,6.0
44.0,6.0
44.5,6.0
45.0,6.0
45.5,6.0
46.0,6.0
46.5,6.0
47.5,6.0
48.5,6.0
49.0,6.0
50.0,6.0
51.5,6.0
52.0,6.0
55.0,6.0
55.5,6.0
56.5,6.0
57.0,6.0
57.5,6.0
59.5,6.0
31.0,5.5
33.0,5.5
33.5,5.5
34.0,5.5
35.0,5.5
35.5,5.5
38.5,5.5
39.0,5.5
40.5,5.5
41.5,5.5
42.0,5.5
43.0,5.5
44.0,5.5
44.5,5.5
45.0,5.5
45.5,5.5
46.0,5.5
46.5,5.5
47.5,5.5
48.5,5.5
49.0,5.5
50.0,5.5
51.5,5.5
52.0,5.5
55.0,5.5
55.5,5.5
56.5,5.5
57.0,5.5
57.5,5.5
59.5,5.5
30.5,5.0
31.5,5.0
32.0,5.0
32.5,5.0
34.5,5.0
36.0,5.0
36.5,5.0
37.0,5.0
37.5,5.0
38.0,5.0
39.5,5.0
40.0,5.0
41.0,5.0
42.5,5.0
43.5,5.0
47.0,5.0
48.0,5.0
49.5,5.0
50.5,5.0
51.0,5.0
52.5,5.0
53.0,5.0
53.5,5.0
54.0,5.0
54.5,5.0
56.0,5.0
58.0,5.0
58.5,5.0
59.0,5.0
60.0,5.0
30.5,4.5
31.5,4.5
32.0,4.5
32.5,4.5
34.5,4.5
36.0,4.5
36.5,4.5
37.0,4.5
37.5,4.5
38.0,4.5
39.5,4.5
40.0,4.5
41.0,4.5
42.5,4.5
43.5,4.5
47.0,4.5
48.0,4.5
49.5,4.5
50.5,4.5
51.0,4.5
52.5,4.5
53.0,4.5
53.5,4.5
54.0,4.5
54.5,4.5
56.0,4.5
58.0,4.5
58.5,4.5
59.0,4.5
60.0,4.5
31.0,4.0
33.0,4.0
33.5,4.0
34.0,4.0
35.0,4.0
35.5,4.0
38.5,4.0
39.0,4.0
40.5,4.0
41.5,4.0
42.0,4.0
43.0,4.0
44.0,4.0
44.5,4.0
45.0,4.0
45.5,4.0
46.0,4.0
46.5,4.0
47.5,4.0
48.5,4.0
49.0,4.0
50.0,4.0
51.5,4.0
52.0,4.0
55.0,4.0
55.5,4.0
56.5,4.0
57.0,4.0
57.5,4.0
59.5,4.0
30.5,3.5
31.5,3.5
32.0,3.5
32.5,3.5
34.5,3.5
36.0,3.5
36.5,3.5
37.0,3.5
37.5,3.5
38.0,3.5
39.5,3.5
40.0,3.5
41.0,3.5
42.5,3.5
43.5,3.5
47.0,3.5
48.0,3.5
49.5,3.5
50.5,3.5
51.0,3.5
52.5,3.5
53.0,3.5
53.5,3.5
54.0,3.5
54.5,3.5
56.0,3.5
58.0,3.5
58.5,3.5
59.0,3.5
60.0,3.5
30.5,3.0
31.5,3.0
32.0,3.0
32.5,3.0
34.5,3.0
36.0,3.0
36.5,3.0
37.0,3.0
37.5,3.0
38.0,3.0
39.5,3.0
40.0,3.0
41.0,3.0
42.5,3.0
43.5,3.0
47.0,3.0
48.0,3.0
49.5,3.0
50.5,3.0
51.0,3.0
52.5,3.0
53.0,3.0
53.5,3.0
54.0,3.0
54.5,3.0
56.0,3.0
58.0,3.0
58.5,3.0
59.0,3.0
60.0,3.0
30.5,2.5
31.5,2.5
32.0,2.5
32.5,2.5
34.5,2.5
36.0,2.5
36.5,2.5
37.0,2.5
37.5,2.5
38.0,2.5
39.5,2.5
40.0,2.5
41.0,2.5
42.5,2.5
43.5,2.5
47.0,2.5
48.0,2.5
49.5,2.5
50.5,2.5
51.0,2.5
52.5,2.5
53.0,2.5
53.5,2.5
54.0,2.5
54.5,2.5
56.0,2.5
58.0,2.5
58.5,2.5
59.0,2.5
60.0,2.5
31.0,2.0
33.0,2.0
33.5,2.0
34.0,2.0
35.0,2.0
35.5,2.0
38.5,2.0
39.0,2.0
40.5,2.0
41.5,2.0
42.0,2.0
43.0,2.0
44.0,2.0
44.5,2.0
45.0,2.0
45.5,2.0
46.0,2.0
46.5,2.0
47.5,2.0
48.5,2.0
49.0,2.0
50.0,2.0
51.5,2.0
52.0,2.0
55.0,2.0
55.5,2.0
56.5,2.0
57.0,2.0
57.5,2.0
59.5,2.0
31.0,1.5
33.0,1.5
33.5,1.5
34.0,1.5
35.0,1.5
35.5,1.5
38.5,1.5
39.0,1.5
40.5,1.5
41.5,1.5
42.0,1.5
43.0,1.5
44.0,1.5
44.5,1.5
45.0,1.5
45.5,1.5
46.0,1.5
46.5,1.5
47.5,1.5
48.5,1.5
49.0,1.5
50.0,1.5
51.5,1.5
52.0,1.5
55.0,1.5
55.5,1.5
56.5,1.5
57.0,1.5
57.5,1.5
59.5,1.5
31.0,1.0
33.0,1.0
33.5,1.0
34.0,1.0
35.0,1.0
35.5,1.0
38.5,1.0
39.0,1.0
40.5,1.0
41.5,1.0
42.0,1.0
43.0,1.0
44.0,1.0
44.5,1.0
45.0,1.0
45.5,1.0
46.0,1.0
46.5,1.0
47.5,1.0
48.5,1.0
49.0,1.0
50.0,1.0
51.5,1.0
52.0,1.0
55.0,1.0
55.5,1.0
56.5,1.0
57.0,1.0
57.5,1.0
59.5,1.0
30.5,0.5
31.5,0.5
32.0,0.5
32.5,0.5
34.5,0.5
36.0,0.5
36.5,0.5
37.0,0.5
37.5,0.5
38.0,0.5
39.5,0.5
40.0,0.5
41.0,0.5
42.5,0.5
43.5,0.5
47.0,0.5
48.0,0.5
49.5,0.5
50.5,0.5
51.0,0.5
52.5,0.5
53.0,0.5
53.5,0.5
54.0,0.5
54.5,0.5
56.0,0.5
58.0,0.5
58.5,0.5
59.0,0.5
60.0,0.5
31.0,0.0
33.0,0.0
33.5,0.0
34.0,0.0
35.0,0.0
35.5,0.0
38.5,0.0
39.0,0.0
40.5,0.0
41.5,0.0
42.0,0.0
43.0,0.0
44.0,0.0
44.5,0.0
45.0,0.0
45.5,0.0
46.0,0.0
46.5,0.0
47.5,0.0
48.5,0.0
49.0,0.0
50.0,0.0
51.5,0.0
52.0,0.0
55.0,0.0
55.5,0.0
56.5,0.0
57.0,0.0
57.5,0.0
59.5,0.0
30.0,60.5
30.5,60.5
31.0,60.5
31.5,60.5
32.0,60.5
32.5,60.5
33.0,60.5
33.5,60.5
34.0,60.5
34.5,60.5
35.0,60.5
35.5,60.5
36.0,60.5
36.5,60.5
37.0,60.5
37.5,60.5
38.0,60.5
38.5,60.5
39.0,60.5
39.5,60.5
40.0,60.5
40.5,60.5
41.0,60.5
41.5,60.5
42.0,60.5
42.5,60.5
43.0,60.5
43.5,60.5
44.0,60.5
44.5,60.5
45.0,60.5
45.5,60.5
46.0,60.5
46.5,60.5
47.0,60.5
47.5,60.5
48.0,60.5
48.5,60.5
49.0,60.5
49.5,60.5
50.0,60.5
50.5,60.5
51.0,60.5
51.5,60.5
52.0,60.5
52.5,60.5
53.0,60.5
53.5,60.5
54.0,60.5
54.5,60.5
55.0,60.5
55.5,60.5
56.0,60.5
56.5,60.5
57.0,60.5
57.5,60.5
58.0,60.5
58.5,60.5
59.0,60.5
59.5,60.5
60.0,60.5
31.0,60.0
33.0,60.0
33.5,60.0
34.0,60.0
35.0,60.0
35.5,60.0
38.5,60.0
39.0,60.0
40.5,60.0
41.5,60.0
42.0,60.0
43.0,60.0
44.0,60.0
44.5,60.0
45.0,60.0
45.5,60.0
46.0,60.0
46.5,60.0
47.5,60.0
48.5,60.0
49.0,60.0
50.0,60.0
51.5,60.0
52.0,60.0
55.0,60.0
55.5,60.0
56.5,60.0
57.0,60.0
57.5,60.0
59.5,60.0
30.5,59.5
31.5,59.5
32.0,59.5
32.5,59.5
34.5,59.5
36.0,59.5
36.5,59.5
37.0,59.5
37.5,59.5
38.0,59.5
39.5,59.5
40.0,59.5
41.0,59.5
42.5,59.5
43.5,59.5
47.0,59.5
48.0,59.5
49.5,59.5
50.5,59.5
51.0,59.5
52.5,59.5
53.0,59.5
53.5,59.5
54.0,59.5
54.5,59.5
56.0,59.5
58.0,59.5
58.5,59.5
59.0,59.5
60.0,59.5
31.0,59.0
33.0,59.0
33.5,59.0
34.0,59.0
35.0,59.0
35.5,59.0
38.5,59.0
39.0,59.0
40.5,59.0
41.5,59.0
42.0,59.0
43.0,59.0
44.0,59.0
44.5,59.0
45.0,59.0
45.5,59.0
46.0,59.0
46.5,59.0
47.5,59.0
48.5,59.0
49.0,59.0
50.0,59.0
51.5,59.0
52.0,59.0
55.0,59.0
55.5,59.0
56.5,59.0
57.0,59.0
57.5,59.0
59.5,59.0
31.0,58.5
33.0,58.5
33.5,58.5
34.0,58.5
35.0,58.5
35.5,58.5
38.5,58.5
39.0,58.5
40.5,58.5
41.5,58.5
42.0,58.5
43.0,58.5
44.0,58.5
44.5,58.5
45.0,58.5
45.5,58.5
46.0,58.5
46.5,58.5
47.5,58.5
48.5,58.5
49.0,58.5
50.0,58.5
51.5,58.5
52.0,58.5
55.0,58.5
55.5,58.5
56.5,58.5
57.0,58.5
57.5,58.5
59.5,58.5
31.0,58.0
33.0,58.0
33.5,58.0
34.0,58.0
35.0,58.0
35.5,58.0
38.5,58.0
39.0,58.0
40.5,58.0
41.5,58.0
42.0,58.0
43.0,58.0
44.0,58.0
44.5,58.0
45.0,58.0
45.5,58.0
46.0,58.0
46.5,58.0
47.5,58.0
48.5,58.0
49.0,58.0
50.0,58.0
51.5,58.0
52.0,58.0
55.0,58.0
55.5,58.0
56.5,58.0
57.0,58.0
57.5,58.0
59.5,58.0
30.5,57.5
31.5,57.5
32.0,57.5
32.5,57.5
34.5,57.5
36.0,57.5
36.5,57.5
37.0,57.5
37.5,57.5
38.0,57.5
39.5,57.5
40.0,57.5
41.0,57.5
42.5,57.5
43.5,57.5
47.0,57.5
48.0,57.5
49.5,57.5
50.5,57.5
51.0,57.5
52.5,57.5
53.0,57.5
53.5,57.5
54.0,57.5
54.5,57.5
56.0,57.5
58.0,57.5
58.5,57.5
59.0,57.5
60.0,57.5
30.5,57.0
31.5,57.0
32.0,57.0
32.5,57.0
34.5,57.0
36.0,57.0
36.5,57.0
37.0,57.0
37.5,57.0
38.0,57.0
39.5,57.0
40.0,57.0
41.0,57.0
42.5,57.0
43.5,57.0
47.0,57.0
48.0,57.0
49.5,57.0
50.5,57.0
51.0,57.0
52.5,57.0
53.0,57.0
53.5,57.0
54.0,57.0
54.5,57.0
56.0,57.0
58.0,57.0
58.5,57.0
59.0,57.0
60.0,57.0
30.5,56.5
31.5,56.5
32.0,56.5
32.5,56.5
34.5,56.5
36.0,56.5
36.5,56.5
37.0,56.5
37.5,56.5
38.0,56.5
39.5,56.5
40.0,56.5
41.0,56.5
42.5,56.5
43.5,56.5
47.0,56.5
48.0,56.5
49.5,56.5
50.5,56.5
51.0,56.5
52.5,56.5
53.0,56.5
53.5,56.5
54.0,56.5
54.5,56.5
56.0,56.5
58.0,56.5
58.5,56.5
59.0,56.5
60.0,56.5
31.0,56.0
33.0,56.0
33.5,56.0
34.0,56.0
35.0,56.0
35.5,56.0
38.5,56.0
39.0,56.0
40.5,56.0
41.5,56.0
42.0,56.0
43.0,56.0
44.0,56.0
44.5,56.0
45.0,56.0
45.5,56.0
46.0,56.0
46.5,56.0
47.5,56.0
48.5,56.0
49.0,56.0
50.0,56.0
51.5,56.0
52.0,56.0
55.0,56.0
55.5,56.0
56.5,56.0
57.0,56.0
57.5,56.0
59.5,56.0
30.5,55.5
31.5,55.5
32.0,55.5
32.5,55.5
34.5,55.5
36.0,55.5
36.5,55.5
37.0,55.5
37.5,55.5
38.0,55.5
39.5,55.5
40.0,55.5
41.0,55.5
42.5,55.5
43.5,55.5
47.0,55.5
48.0,55.5
49.5,55.5
50.5,55.5
51.0,55.5
52.5,55.5
53.0,55.5
53.5,55.5
54.0,55.5
54.5,55.5
56.0,55.5
58.0,55.5
58.5,55.5
59.0,55.5
60.0,55.5
30.5,55.0
31.5,55.0
32.0,55.0
32.5,55.0
34.5,55.0
36.0,55.0
36.5,55.0
37.0,55.0
37.5,55.0
38.0,55.0
39.5,55.0
40.0,55.0
41.0,55.0
42.5,55.0
43.5,55.0
47.0,55.0
48.0,55.0
49.5,55.0
50.5,55.0
51.0,55.0
52.5,55.0
53.0,55.0
53.5,55.0
54.0,55.0
54.5,55.0
56.0,55.0
58.0,55.0
58.5,55.0
59.0,55.0
60.0,55.0
31.0,54.5
33.0,54.5
33.5,54.5
34.0,54.5
35.0,54.5
35.5,54.5
38.5,54.5
39.0,54.5
40.5,54.5
41.5,54.5
42.0,54.5
43.0,54.5
44.0,54.5
44.5,54.5
45.0,54.5
45.5,54.5
46.0,54.5
46.5,54.5
47.5,54.5
48.5,54.5
49.0,54.5
50.0,54.5
51.5,54.5
52.0,54.5
55.0,54.5
55.5,54.5
56.5,54.5
57.0,54.5
57.5,54.5
59.5,54.5
31.0,54.0
33.0,54.0
33.5,54.0
34.0,54.0
35.0,54.0
35.5,54.0
38.5,54.0
39.0,54.0
40.5,54.0
41.5,54.0
42.0,54.0
43.0,54.0
44.0,54.0
44.5,54.0
45.0,54.0
45.5,54.0
46.0,54.0
46.5,54.0
47.5,54.0
48.5,54.0
49.0,54.0
50.0,54.0
51.5,54.0
52.0,54.0
55.0,54.0
55.5,54.0
56.5,54.0
57.0,54.0
57.5,54.0
59.5,54.0
31.0,53.5
33.0,53.5
33.5,53.5
34.0,53.5
35.0,53.5
35.5,53.5
38.5,53.5
39.0,53.5
40.5,53.5
41.5,53.5
42.0,53.5
43.0,53.5
44.0,53.5
44.5,53.5
45.0,53.5
45.5,53.5
46.0,53.5
46.5,53.5
47.5,53.5
48.5,53.5
49.0,53.5
50.0,53.5
51.5,53.5
52.0,53.5
55.0,53.5
55.5,53.5
56.5,53.5
57.0,53.5
57.5,53.5
59.5,53.5
31.0,53.0
33.0,53.0
33.5,53.0
34.0,53.0
35.0,53.0
35.5,53.0
38.5,53.0
39.0,53.0
40.5,53.0
41.5,53.0
42.0,53.0
43.0,53.0
44.0,53.0
44.5,53.0
45.0,53.0
45.5,53.0
46.0,53.0
46.5,53.0
47.5,53.0
48.5,53.0
49.0,53.0
50.0,53.0
51.5,53.0
52.0,53.0
55.0,53.0
55.5,53.0
56.5,53.0
57.0,53.0
57.5,53.0
59.5,53.0
31.0,52.5
33.0,52.5
33.5,52.5
34.0,52.5
35.0,52.5
35.5,52.5
38.5,52.5
39.0,52.5
40.5,52.5
41.5,52.5
42.0,52.5
43.0,52.5
44.0,52.5
44.5,52.5
45.0,52.5
45.5,52.5
46.0,52.5
46.5,52.5
47.5,52.5
48.5,52.5
49.0,52.5
50.0,52.5
51.5,52.5
52.0,52.5
55.0,52.5
55.5,52.5
56.5,52.5
57.0,52.5
57.5,52.5
59.5,52.5
30.5,52.0
31.5,52.0
32.0,52.0
32.5,52.0
34.5,52.0
36.0,52.0
36.5,52.0
37.0,52.0
37.5,52.0
38.0,52.0
39.5,52.0
40.0,52.0
41.0,52.0
42.5,52.0
43.5,52.0
47.0,52.0
48.0,52.0
49.5,52.0
50.5,52.0
51.0,52.0
52.5,52.0
53.0,52.0
53.5,52.0
54.0,52.0
54.5,52.0
56.0,52.0
58.0,52.0
58.5,52.0
59.0,52.0
60.0,52.0
30.5,51.5
31.5,51.5
32.0,51.5
32.5,51.5
34.5,51.5
36.0,51.5
36.5,51.5
37.0,51.5
37.5,51.5
38.0,51.5
39.5,51.5
40.0,51.5
41.0,51.5
42.5,51.5
43.5,51.5
47.0,51.5
48.0,51.5
49.5,51.5
50.5,51.5
51.0,51.5
52.5,51.5
53.0,51.5
53.5,51.5
54.0,51.5
54.5,51.5
56.0,51.5
58.0,51.5
58.5,51.5
59.0,51.5
60.0,51.5
31.0,51.0
33.0,51.0
33.5,51.0
34.0,51.0
35.0,51.0
35.5,51.0
38.5,51.0
39.0,51.0
40.5,51.0
41.5,51.0
42.0,51.0
43.0,51.0
44.0,51.0
44.5,51.0
45.0,51.0
45.5,51.0
46.0,51.0
46.5,51.0
47.5,51.0
48.5,51.0
49.0,51.0
50.0,51.0
51.5,51.0
52.0,51.0
55.0,51.0
55.5,51.0
56.5,51.0
57.0,51.0
57.5,51.0
59.5,51.0
31.0,50.5
33.0,50.5
33.5,50.5
34.0,50.5
35.0,50.5
35.5,50.5
38.5,50.5
39.0,50.5
40.5,50.5
41.5,50.5
42.0,50.5
43.0,50.5
44.0,50.5
44.5,50.5
45.0,50.5
45.5,50.5
46.0,50.5
46.5,50.5
47.5,50.5
48.5,50.5
49.0,50.5
50.0,50.5
51.5,50.5
52.0,50.5
55.0,50.5
55.5,50.5
56.5,50.5
57.0,50.5
57.5,50.5
59.5,50.5
30.5,50.0
31.5,50.0
32.0,50.0
32.5,50.0
34.5,50.0
36.0,50.0
36.5,50.0
37.0,50.0
37.5,50.0
38.0,50.0
39.5,50.0
40.0,50.0
41.0,50.0
42.5,50.0
43.5,50.0
47.0,50.0
48.0,50.0
49.5,50.0
50.5,50.0
51.0,50.0
52.5,50.0
53.0,50.0
53.5,50.0
54.0,50.0
54.5,50.0
56.0,50.0
58.0,50.0
58.5,50.0
59.0,50.0
60.0,50.0
31.0,49.5
33.0,49.5
33.5,49.5
34.0,49.5
35.0,49.5
35.5,49.5
38.5,49.5
39.0,49.5
40.5,49.5
41.5,49.5
42.0,49.5
43.0,49.5
44.0,49.5
44.5,49.5
45.0,49.5
45.5,49.5
46.0,49.5
46.5,49.5
47.5,49.5
48.5,49.5
49.0,49.5
50.0,49.5
51.5,49.5
52.0,49.5
55.0,49.5
55.5,49.5
56.5,49.5
57.0,49.5
57.5,49.5
59.5,49.5
30.5,49.0
31.5,49.0
32.0,49.0
32.5,49.0
34.5,49.0
36.0,49.0
36.5,49.0
37.0,49.0
37.5,49.0
38.0,49.0
39.5,49.0
40.0,49.0
41.0,49.0
42.5,49.0
43.5,49.0
47.0,49.0
48.0,49.0
49.5,49.0
50.5,49.0
51.0,49.0
52.5,49.0
53.0,49.0
53.5,49.0
54.0,49.0
54.5,49.0
56.0,49.0
58.0,49.0
58.5,49.0
59.0,49.0
60.0,49.0
30.5,48.5
31.5,48.5
32.0,48.5
32.5,48.5
34.5,48.5
36.0,48.5
36.5,48.5
37.0,48.5
37.5,48.5
38.0,48.5
39.5,48.5
40.0,48.5
41.0,48.5
42.5,48.5
43.5,48.5
47.0,48.5
48.0,48.5
49.5,48.5
50.5,48.5
51.0,48.5
52.5,48.5
53.0,48.5
53.5,48.5
54.0,48.5
54.5,48.5
56.0,48.5
58.0,48.5
58.5,48.5
59.0,48.5
60.0,48.5
31.0,48.0
33.0,48.0
33.5,48.0
34.0,48.0
35.0,48.0
35.5,48.0
38.5,48.0
39.0,48.0
40.5,48.0
41.5,48.0
42.0,48.0
43.0,48.0
44.0,48.0
44.5,48.0
45.0,48.0
45.5,48.0
46.0,48.0
46.5,48.0
47.5,48.0
48.5,48.0
49.0,48.0
50.0,48.0
51.5,48.0
52.0,48.0
55.0,48.0
55.5,48.0
56.5,48.0
57.0,48.0
57.5,48.0
59.5,48.0
30.5,47.5
31.5,47.5
32.0,47.5
32.5,47.5
34.5,47.5
36.0,47.5
36.5,47.5
37.0,47.5
37.5,47.5
38.0,47.5
39.5,47.5
40.0,47.5
41.0,47.5
42.5,47.5
43.5,47.5
47.0,47.5
48.0,47.5
49.5,47.5
50.5,47.5
51.0,47.5
52.5,47.5
53.0,47.5
53.5,47.5
54.0,47.5
54.5,47.5
56.0,47.5
58.0,47.5
58.5,47.5
59.0,47.5
60.0,47.5
31.0,47.0
33.0,47.0
33.5,47.0
34.0,47.0
35.0,47.0
35.5,47.0
38.5,47.0
39.0,47.0
40.5,47.0
41.5,47.0
42.0,47.0
43.0,47.0
44.0,47.0
44.5,47.0
45.0,47.0
45.5,47.0
46.0,47.0
46.5,47.0
47.5,47.0
48.5,47.0
49.0,47.0
50.0,47.0
51.5,47.0
52.0,47.0
55.0,47.0
55.5,47.0
56.5,47.0
57.0,47.0
57.5,47.0
59.5,47.0
30.5,46.5
31.5,46.5
32.0,46.5
32.5,46.5
34.5,46.5
36.0,46.5
36.5,46.5
37.0,46.5
37.5,46.5
38.0,46.5
39.5,46.5
40.0,46.5
41.0,46.5
42.5,46.5
43.5,46.5
47.0,46.5
48.0,46.5
49.5,46.5
50.5,46.5
51.0,46.5
52.5,46.5
53.0,46.5
53.5,46.5
54.0,46.5
54.5,46.5
56.0,46.5
58.0,46.5
58.5,46.5
59.0,46.5
60.0,46.5
30.5,46.0
31.5,46.0
32.0,46.0
32.5,46.0
34.5,46.0
36.0,46.0
36.5,46.0
37.0,46.0
37.5,46.0
38.0,46.0
39.5,46.0
40.0,46.0
41.0,46.0
42.5,46.0
43.5,46.0
47.0,46.0
48.0,46.0
49.5,46.0
50.5,46.0
51.0,46.0
52.5,46.0
53.0,46.0
53.5,46.0
54.0,46.0
54.5,46.0
56.0,46.0
58.0,46.0
58.5,46.0
59.0,46.0
60.0,46.0
30.5,45.5
31.5,45.5
32.0,45.5
32.5,45.5
34.5,45.5
36.0,45.5
36.5,45.5
37.0,45.5
37.5,45.5
38.0,45.5
39.5,45.5
40.0,45.5
41.0,45.5
42.5,45.5
43.5,45.5
47.0,45.5
48.0,45.5
49.5,45.5
50.5,45.5
51.0,45.5
52.5,45.5
53.0,45.5
53.5,45.5
54.0,45.5
54.5,45.5
56.0,45.5
58.0,45.5
58.5,45.5
59.0,45.5
60.0,45.5
30.5,45.0
31.5,45.0
32.0,45.0
32.5,45.0
34.5,45.0
36.0,45.0
36.5,45.0
37.0,45.0
37.5,45.0
38.0,45.0
39.5,45.0
40.0,45.0
41.0,45.0
42.5,45.0
43.5,45.0
47.0,45.0
48.0,45.0
49.5,45.0
50.5,45.0
51.0,45.0
52.5,45.0
53.0,45.0
53.5,45.0
54.0,45.0
54.5,45.0
56.0,45.0
58.0,45.0
58.5,45.0
59.0,45.0
60.0,45.0
30.5,44.5
31.5,44.5
32.0,44.5
32.5,44.5
34.5,44.5
36.0,44.5
36.5,44.5
37.0,44.5
37.5,44.5
38.0,44.5
39.5,44.5
40.0,44.5
41.0,44.5
42.5,44.5
43.5,44.5
47.0,44.5
48.0,44.5
49.5,44.5
50.5,44.5
51.0,44.5
52.5,44.5
53.0,44.5
53.5,44.5
54.0,44.5
54.5,44.5
56.0,44.5
58.0,44.5
58.5,44.5
59.0,44.5
60.0,44.5
30.5,44.0
31.5,44.0
32.0,44.0
32.5,44.0
34.5,44.0
36.0,44.0
36.5,44.0
37.0,44.0
37.5,44.0
38.0,44.0
39.5,44.0
40.0,44.0
41.0,44.0
42.5,44.0
43.5,44.0
47.0,44.0
48.0,44.0
49.5,44.0
50.5,44.0
51.0,44.0
52.5,44.0
53.0,44.0
53.5,44.0
54.0,44.0
54.5,44.0
56.0,44.0
58.0,44.0
58.5,44.0
59.0,44.0
60.0,44.0
31.0,43.5
33.0,43.5
33.5,43.5
34.0,43.5
35.0,43.5
35.5,43.5
38.5,43.5
39.0,43.5
40.5,43.5
41.5,43.5
42.0,43.5
43.0,43.5
44.0,43.5
44.5,43.5
45.0,43.5
45.5,43.5
46.0,43.5
46.5,43.5
47.5,43.5
48.5,43.5
49.0,43.5
50.0,43.5
51.5,43.5
52.0,43.5
55.0,43.5
55.5,43.5
56.5,43.5
57.0,43.5
57.5,43.5
59.5,43.5
30.5,43.0
31.5,43.0
32.0,43.0
32.5,43.0
34.5,43.0
36.0,43.0
36.5,43.0
37.0,43.0
37.5,43.0
38.0,43.0
39.5,43.0
40.0,43.0
41.0,43.0
42.5,43.0
43.5,43.0
47.0,43.0
48.0,43.0
49.5,43.0
50.5,43.0
51.0,43.0
52.5,43.0
53.0,43.0
53.5,43.0
54.0,43.0
54.5,43.0
56.0,43.0
58.0,43.0
58.5,43.0
59.0,43.0
60.0,43.0
31.0,42.5
33.0,42.5
33.5,42.5
34.0,42.5
35.0,42.5
35.5,42.5
38.5,42.5
39.0,42.5
40.5,42.5
41.5,42.5
42.0,42.5
43.0,42.5
44.0,42.5
44.5,42.5
45.0,42.5
45.5,42.5
46.0,42.5
46.5,42.5
47.5,42.5
48.5,42.5
49.0,42.5
50.0,42.5
51.5,42.5
52.0,42.5
55.0,42.5
55.5,42.5
56.5,42.5
57.0,42.5
57.5,42.5
59.5,42.5
30.5,42.0
31.5,42.0
32.0,42.0
32.5,42.0
34.5,42.0
36.0,42.0
36.5,42.0
37.0,42.0
37.5,42.0
38.0,42.0
39.5,42.0
40.0,42.0
41.0,42.0
42.5,42.0
43.5,42.0
47.0,42.0
48.0,42.0
49.5,42.0
50.5,42.0
51.0,42.0
52.5,42.0
53.0,42.0
53.5,42.0
54.0,42.0
54.5,42.0
56.0,42.0
58.0,42.0
58.5,42.0
59.0,42.0
60.0,42.0
30.5,41.5
31.5,41.5
32.0,41.5
32.5,41.5
34.5,41.5
36.0,41.5
36.5,41.5
37.0,41.5
37.5,41.5
38.0,41.5
39.5,41.5
40.0,41.5
41.0,41.5
42.5,41.5
43.5,41.5
47.0,41.5
48.0,41.5
49.5,41.5
50.5,41.5
51.0,41.5
52.5,41.5
53.0,41.5
53.5,41.5
54.0,41.5
54.5,41.5
56.0,41.5
58.0,41.5
58.5,41.5
59.0,41.5
60.0,41.5
31.0,41.0
33.0,41.0
33.5,41.0
34.0,41.0
35.0,41.0
35.5,41.0
38.5,41.0
39.0,41.0
40.5,41.0
41.5,41.0
42.0,41.0
43.0,41.0
44.0,41.0
44.5,41.0
45.0,41.0
45.5,41.0
46.0,41.0
46.5,41.0
47.5,41.0
48.5,41.0
49.0,41.0
50.0,41.0
51.5,41.0
52.0,41.0
55.0,41.0
55.5,41.0
56.5,41.0
57.0,41.0
57.5,41.0
59.5,41.0
30.5,40.5
31.5,40.5
32.0,40.5
32.5,40.5
34.5,40.5
36.0,40.5
36.5,40.5
37.0,40.5
37.5,40.5
38.0,40.5
39.5,40.5
40.0,40.5
41.0,40.5
42.5,40.5
43.5,40.5
47.0,40.5
48.0,40.5
49.5,40.5
50.5,40.5
51.0,40.5
52.5,40.5
53.0,40.5
53.5,40.5
54.0,40.5
54.5,40.5
56.0,40.5
58.0,40.5
58.5,40.5
59.0,40.5
60.0,40.5
31.0,40.0
33.0,40.0
33.5,40.0
34.0,40.0
35.0,40.0
35.5,40.0
38.5,40.0
39.0,40.0
40.5,40.0
41.5,40.0
42.0,40.0
43.0,40.0
44.0,40.0
44.5,40.0
45.0,40.0
45.5,40.0
46.0,40.0
46.5,40.0
47.5,40.0
48.5,40.0
49.0,40.0
50.0,40.0
51.5,40.0
52.0,40.0
55.0,40.0
55.5,40.0
56.5,40.0
57.0,40.0
57.5,40.0
59.5,40.0
31.0,39.5
33.0,39.5
33.5,39.5
34.0,39.5
35.0,39.5
35.5,39.5
38.5,39.5
39.0,39.5
40.5,39.5
41.5,39.5
42.0,39.5
43.0,39.5
44.0,39.5
44.5,39.5
45.0,39.5
45.5,39.5
46.0,39.5
46.5,39.5
47.5,39.5
48.5,39.5
49.0,39.5
50.0,39.5
51.5,39.5
52.0,39.5
55.0,39.5
55.5,39.5
56.5,39.5
57.0,39.5
57.5,39.5
59.5,39.5
30.5,39.0
31.5,39.0
32.0,39.0
32.5,39.0
34.5,39.0
36.0,39.0
36.5,39.0
37.0,39.0
37.5,39.0
38.0,39.0
39.5,39.0
40.0,39.0
41.0,39.0
42.5,39.0
43.5,39.0
47.0,39.0
48.0,39.0
49.5,39.0
50.5,39.0
51.0,39.0
52.5,39.0
53.0,39.0
53.5,39.0
54.0,39.0
54.5,39.0
56.0,39.0
58.0,39.0
58.5,39.0
59.0,39.0
60.0,39.0
30.5,38.5
31.5,38.5
32.0,38.5
32.5,38.5
34.5,38.5
36.0,38.5
36.5,38.5
37.0,38.5
37.5,38.5
38.0,38.5
39.5,38.5
40.0,38.5
41.0,38.5
42.5,38.5
43.5,38.5
47.0,38.5
48.0,38.5
49.5,38.5
50.5,38.5
51.0,38.5
52.5,38.5
53.0,38.5
53.5,38.5
54.0,38.5
54.5,38.5
56.0,38.5
58.0,38.5
58.5,38.5
59.0,38.5
60.0,38.5
31.0,38.0
33.0,38.0
33.5,38.0
34.0,38.0
35.0,38.0
35.5,38.0
38.5,38.0
39.0,38.0
40.5,38.0
41.5,38.0
42.0,38.0
43.0,38.0
44.0,38.0
44.5,38.0
45.0,38.0
45.5,38.0
46.0,38.0
46.5,38.0
47.5,38.0
48.5,38.0
49.0,38.0
50.0,38.0
51.5,38.0
52.0,38.0
55.0,38.0
55.5,38.0
56.5,38.0
57.0,38.0
57.5,38.0
59.5,38.0
31.0,37.5
33.0,37.5
33.5,37.5
34.0,37.5
35.0,37.5
35.5,37.5
38.5,37.5
39.0,37.5
40.5,37.5
41.5,37.5
42.0,37.5
43.0,37.5
44.0,37.5
44.5,37.5
45.0,37.5
45.5,37.5
46.0,37.5
46.5,37.5
47.5,37.5
48.5,37.5
49.0,37.5
50.0,37.5
51.5,37.5
52.0,37.5
55.0,37.5
55.5,37.5
56.5,37.5
57.0,37.5
57.5,37.5
59.5,37.5
31.0,37.0
33.0,37.0
33.5,37.0
34.0,37.0
35.0,37.0
35.5,37.0
38.5,37.0
39.0,37.0
40.5,37.0
41.5,37.0
42.0,37.0
43.0,37.0
44.0,37.0
44.5,37.0
45.0,37.0
45.5,37.0
46.0,37.0
46.5,37.0
47.5,37.0
48.5,37.0
49.0,37.0
50.0,37.0
51.5,37.0
52.0,37.0
55.0,37.0
55.5,37.0
56.5,37.0
57.0,37.0
57.5,37.0
59.5,37.0
31.0,36.5
33.0,36.5
33.5,36.5
34.0,36.5
35.0,36.5
35.5,36.5
38.5,36.5
39.0,36.5
40.5,36.5
41.5,36.5
42.0,36.5
43.0,36.5
44.0,36.5
44.5,36.5
45.0,36.5
45.5,36.5
46.0,36.5
46.5,36.5
47.5,36.5
48.5,36.5
49.0,36.5
50.0,36.5
51.5,36.5
52.0,36.5
55.0,36.5
55.5,36.5
56.5,36.5
57.0,36.5
57.5,36.5
59.5,36.5
31.0,36.0
33.0,36.0
33.5,36.0
34.0,36.0
35.0,36.0
35.5,36.0
38.5,36.0
39.0,36.0
40.5,36.0
41.5,36.0
42.0,36.0
43.0,36.0
44.0,36.0
44.5,36.0
45.0,36.0
45.5,36.0
46.0,36.0
46.5,36.0
47.5,36.0
48.5,36.0
49.0,36.0
50.0,36.0
51.5,36.0
52.0,36.0
55.0,36.0
55.5,36.0
56.5,36.0
57.0,36.0
57.5,36.0
59.5,36.0
30.5,35.5
31.5,35.5
32.0,35.5
32.5,35.5
34.5,35.5
36.0,35.5
36.5,35.5
37.0,35.5
37.5,35.5
38.0,35.5
39.5,35.5
40.0,35.5
41.0,35.5
42.5,35.5
43.5,35.5
47.0,35.5
48.0,35.5
49.5,35.5
50.5,35.5
51.0,35.5
52.5,35.5
53.0,35.5
53.5,35.5
54.0,35.5
54.5,35.5
56.0,35.5
58.0,35.5
58.5,35.5
59.0,35.5
60.0,35.5
30.5,35.0
31.5,35.0
32.0,35.0
32.5,35.0
34.5,35.0
36.0,35.0
36.5,35.0
37.0,35.0
37.5,35.0
38.0,35.0
39.5,35.0
40.0,35.0
41.0,35.0
42.5,35.0
43.5,35.0
47.0,35.0
48.0,35.0
49.5,35.0
50.5,35.0
51.0,35.0
52.5,35.0
53.0,35.0
53.5,35.0
54.0,35.0
54.5,35.0
56.0,35.0
58.0,35.0
58.5,35.0
59.0,35.0
60.0,35.0
31.0,34.5
33.0,34.5
33.5,34.5
34.0,34.5
35.0,34.5
35.5,34.5
38.5,34.5
39.0,34.5
40.5,34.5
41.5,34.5
42.0,34.5
43.0,34.5
44.0,34.5
44.5,34.5
45.0,34.5
45.5,34.5
46.0,34.5
46.5,34.5
47.5,34.5
48.5,34.5
49.0,34.5
50.0,34.5
51.5,34.5
52.0,34.5
55.0,34.5
55.5,34.5
56.5,34.5
57.0,34.5
57.5,34.5
59.5,34.5
30.5,34.0
31.5,34.0
32.0,34.0
32.5,34.0
34.5,34.0
36.0,34.0
36.5,34.0
37.0,34.0
37.5,34.0
38.0,34.0
39.5,34.0
40.0,34.0
41.0,34.0
42.5,34.0
43.5,34.0
47.0,34.0
48.0,34.0
49.5,34.0
50.5,34.0
51.0,34.0
52.5,34.0
53.0,34.0
53.5,34.0
54.0,34.0
54.5,34.0
56.0,34.0
58.0,34.0
58.5,34.0
59.0,34.0
60.0,34.0
30.5,33.5
31.5,33.5
32.0,33.5
32.5,33.5
34.5,33.5
36.0,33.5
36.5,33.5
37.0,33.5
37.5,33.5
38.0,33.5
39.5,33.5
40.0,33.5
41.0,33.5
42.5,33.5
43.5,33.5
47.0,33.5
48.0,33.5
49.5,33.5
50.5,33.5
51.0,33.5
52.5,33.5
53.0,33.5
53.5,33.5
54.0,33.5
54.5,33.5
56.0,33.5
58.0,33.5
58.5,33.5
59.0,33.5
60.0,33.5
30.5,33.0
31.5,33.0
32.0,33.0
32.5,33.0
34.5,33.0
36.0,33.0
36.5,33.0
37.0,33.0
37.5,33.0
38.0,33.0
39.5,33.0
40.0,33.0
41.0,33.0
42.5,33.0
43.5,33.0
47.0,33.0
48.0,33.0
49.5,33.0
50.5,33.0
51.0,33.0
52.5,33.0
53.0,33.0
53.5,33.0
54.0,33.0
54.5,33.0
56.0,33.0
58.0,33.0
58.5,33.0
59.0,33.0
60.0,33.0
31.0,32.5
33.0,32.5
33.5,32.5
34.0,32.5
35.0,32.5
35.5,32.5
38.5,32.5
39.0,32.5
40.5,32.5
41.5,32.5
42.0,32.5
43.0,32.5
44.0,32.5
44.5,32.5
45.0,32.5
45.5,32.5
46.0,32.5
46.5,32.5
47.5,32.5
48.5,32.5
49.0,32.5
50.0,32.5
51.5,32.5
52.0,32.5
55.0,32.5
55.5,32.5
56.5,32.5
57.0,32.5
57.5,32.5
59.5,32.5
31.0,32.0
33.0,32.0
33.5,32.0
34.0,32.0
35.0,32.0
35.5,32.0
38.5,32.0
39.0,32.0
40.5,32.0
41.5,32.0
42.0,32.0
43.0,32.0
44.0,32.0
44.5,32.0
45.0,32.0
45.5,32.0
46.0,32.0
46.5,32.0
47.5,32.0
48.5,32.0
49.0,32.0
50.0,32.0
51.5,32.0
52.0,32.0
55.0,32.0
55.5,32.0
56.5,32.0
57.0,32.0
57.5,32.0
59.5,32.0
31.0,31.5
33.0,31.5
33.5,31.5
34.0,31.5
35.0,31.5
35.5,31.5
38.5,31.5
39.0,31.5
40.5,31.5
41.5,31.5
42.0,31.5
43.0,31.5
44.0,31.5
44.5,31.5
45.0,31.5
45.5,31.5
46.0,31.5
46.5,31.5
47.5,31.5
48.5,31.5
49.0,31.5
50.0,31.5
51.5,31.5
52.0,31.5
55.0,31.5
55.5,31.5
56.5,31.5
57.0,31.5
57.5,31.5
59.5,31.5
30.5,31.0
31.5,31.0
32.0,31.0
32.5,31.0
34.5,31.0
36.0,31.0
36.5,31.0
37.0,31.0
37.5,31.0
38.0,31.0
39.5,31.0
40.0,31.0
41.0,31.0
42.5,31.0
43.5,31.0
47.0,31.0
48.0,31.0
49.5,31.0
50.5,31.0
51.0,31.0
52.5,31.0
53.0,31.0
53.5,31.0
54.0,31.0
54.5,31.0
56.0,31.0
58.0,31.0
58.5,31.0
59.0,31.0
60.0,31.0
31.0,30.5
33.0,30.5
33.5,30.5
34.0,30.5
35.0,30.5
35.5,30.5
38.5,30.5
39.0,30.5
40.5,30.5
41.5,30.5
42.0,30.5
43.0,30.5
44.0,30.5
44.5,30.5
45.0,30.5
45.5,30.5
46.0,30.5
46.5,30.5
47.5,30.5
48.5,30.5
49.0,30.5
50.0,30.5
51.5,30.5
52.0,30.5
55.0,30.5
55.5,30.5
56.5,30.5
57.0,30.5
57.5,30.5
59.5,30.5
0.0,30.0
0.5,30.0
1.0,30.0
1.5,30.0
2.0,30.0
2.5,30.0
3.0,30.0
3.5,30.0
4.0,30.0
4.5,30.0
5.0,30.0
5.5,30.0
6.0,30.0
6.5,30.0
7.0,30.0
7.5,30.0
8.0,30.0
8.5,30.0
9.0,30.0
9.5,30.0
10.0,30.0
10.5,30.0
11.0,30.0
11.5,30.0
12.0,30.0
12.5,30.0
13.0,30.0
13.5,30.0
14.0,30.0
14.5,30.0
15.0,30.0
15.5,30.0
16.0,30.0
16.5,30.0
17.0,30.0
17.5,30.0
18.0,30.0
18.5,30.0
19.0,30.0
19.5,30.0
20.0,30.0
20.5,30.0
21.0,30.0
21.5,30.0
22.0,30.0
22.5,30.0
23.0,30.0
23.5,30.0
24.0,30.0
24.5,30.0
25.0,30.0
25.5,30.0
26.0,30.0
26.5,30.0
27.0,30.0
27.5,30.0
28.0,30.0
28.5,30.0
29.0,30.0
29.5,30.0
0.5,29.5
2.5,29.5
3.0,29.5
3.5,29.5
4.5,29.5
5.0,29.5
8.0,29.5
8.5,29.5
10.0,29.5
11.0,29.5
11.5,29.5
12.5,29.5
13.5,29.5
14.0,29.5
14.5,29.5
15.0,29.5
15.5,29.5
16.0,29.5
17.0,29.5
18.0,29.5
18.5,29.5
19.5,29.5
21.0,29.5
21.5,29.5
24.5,29.5
25.0,29.5
26.0,29.5
26.5,29.5
27.0,29.5
29.0,29.5
0.0,29.0
1.0,29.0
1.5,29.0
2.0,29.0
4.0,29.0
5.5,29.0
6.0,29.0
6.5,29.0
7.0,29.0
7.5,29.0
9.0,29.0
9.5,29.0
10.5,29.0
12.0,29.0
13.0,29.0
16.5,29.0
17.5,29.0
19.0,29.0
20.0,29.0
20.5,29.0
22.0,29.0
22.5,29.0
23.0,29.0
23.5,29.0
24.0,29.0
25.5,29.0
27.5,29.0
28.0,29.0
28.5,29.0
29.5,29.0
0.5,28.5
2.5,28.5
3.0,28.5
3.5,28.5
4.5,28.5
5.0,28.5
8.0,28.5
8.5,28.5
10.0,28.5
11.0,28.5
11.5,28.5
12.5,28.5
13.5,28.5
14.0,28.5
14.5,28.5
15.0,28.5
15.5,28.5
16.0,28.5
17.0,28.5
18.0,28.5
18.5,28.5
19.5,28.5
21.0,28.5
21.5,28.5
24.5,28.5
25.0,28.5
26.0,28.5
26.5,28.5
27.0,28.5
29.0,28.5
0.5,28.0
2.5,28.0
3.0,28.0
3.5,28.0
4.5,28.0
5.0,28.0
8.0,28.0
8.5,28.0
10.0,28.0
11.0,28.0
11.5,28.0
12.5,28.0
13.5,28.0
14.0,28.0
14.5,28.0
15.0,28.0
15.5,28.0
16.0,28.0
17.0,28.0
18.0,28.0
18.5,28.0
19.5,28.0
21.0,28.0
21.5,28.0
24.5,28.0
25.0,28.0
26.0,28.0
26.5,28.0
27.0,28.0
29.0,28.0
0.5,27.5
2.5,27.5
3.0,27.5
3.5,27.5
4.5,27.5
5.0,27.5
8.0,27.5
8.5,27.5
10.0,27.5
11.0,27.5
11.5,27.5
12.5,27.5
13.5,27.5
14.0,27.5
14.5,27.5
15.0,27.5
15.5,27.5
16.0,27.5
17.0,27.5
18.0,27.5
18.5,27.5
19.5,27.5
21.0,27.5
21.5,27.5
24.5,27.5
25.0,27.5
26.0,27.5
26.5,27.5
27.0,27.5
29.0,27.5
0.0,27.0
1.0,27.0
1.5,27.0
2.0,27.0
4.0,27.0
5.5,27.0
6.0,27.0
6.5,27.0
7.0,27.0
7.5,27.0
9.0,27.0
9.5,27.0
10.5,27.0
12.0,27.0
13.0,27.0
16.5,27.0
17.5,27.0
19.0,27.0
20.0,27.0
20.5,27.0
22.0,27.0
22.5,27.0
23.0,27.0
23.5,27.0
24.0,27.0
25.5,27.0
27.5,27.0
28.0,27.0
28.5,27.0
29.5,27.0
0.0,26.5
1.0,26.5
1.5,26.5
2.0,26.5
4.0,26.5
5.5,26.5
6.0,26.5
6.5,26.5
7.0,26.5
7.5,26.5
9.0,26.5
9.5,26.5
10.5,26.5
12.0,26.5
13.0,26.5
16.5,26.5
17.5,26.5
19.0,26.5
20.0,26.5
20.5,26.5
22.0,26.5
22.5,26.5
23.0,26.5
23.5,26.5
24.0,26.5
25.5,26.5
27.5,26.5
28.0,26.5
28.5,26.5
29.5,26.5
0.0,26.0
1.0,26.0
1.5,26.0
2.0,26.0
4.0,26.0
5.5,26.0
6.0,26.0
6.5,26.0
7.0,26.0
7.5,26.0
9.0,26.0
9.5,26.0
10.5,26.0
12.0,26.0
13.0,26.0
16.5,26.0
17.5,26.0
19.0,26.0
20.0,26.0
20.5,26.0
22.0,26.0
22.5,26.0
23.0,26.0
23.5,26.0
24.0,26.0
25.5,26.0
27.5,26.0
28.0,26.0
28.5,26.0
29.5,26.0
0.5,25.5
2.5,25.5
3.0,25.5
3.5,25.5
4.5,25.5
5.0,25.5
8.0,25.5
8.5,25.5
10.0,25.5
11.0,25.5
11.5,25.5
12.5,25.5
13.5,25.5
14.0,25.5
14.5,25.5
15.0,25.5
15.5,25.5
16.0,25.5
17.0,25.5
18.0,25.5
18.5,25.5
19.5,25.5
21.0,25.5
21.5,25.5
24.5,25.5
25.0,25.5
26.0,25.5
26.5,25.5
27.0,25.5
29.0,25.5
0.0,25.0
1.0,25.0
1.5,25.0
2.0,25.0
4.0,25.0
5.5,25.0
6.0,25.0
6.5,25.0
7.0,25.0
7.5,25.0
9.0,25.0
9.5,25.0
10.5,25.0
12.0,25.0
13.0,25.0
16.5,25.0
17.5,25.0
19.0,25.0
20.0,25.0
20.5,25.0
22.0,25.0
22.5,25.0
23.0,25.0
23.5,25.0
24.0,25.0
25.5,25.0
27.5,25.0
28.0,25.0
28.5,25.0
29.5,25.0
0.0,24.5
1.0,24.5
1.5,24.5
2.0,24.5
4.0,24.5
5.5,24.5
6.0,24.5
6.5,24.5
7.0,24.5
7.5,24.5
9.0,24.5
9.5,24.5
10.5,24.5
12.0,24.5
13.0,24.5
16.5,24.5
17.5,24.5
19.0,24.5
20.0,24.5
20.5,24.5
22.0,24.5
22.5,24.5
23.0,24.5
23.5,24.5
24.0,24.5
25.5,24.5
27.5,24.5
28.0,24.5
28.5,24.5
29.5,24.5
0.5,24.0
2.5,24.0
3.0,24.0
3.5,24.0
4.5,24.0
5.0,24.0
8.0,24.0
8.5,24.0
10.0,24.0
11.0,24.0
11.5,24.0
12.5,24.0
13.5,24.0
14.0,24.0
14.5,24.0
15.0,24.0
15.5,24.0
16.0,24.0
17.0,24.0
18.0,24.0
18.5,24.0
19.5,24.0
21.0,24.0
21.5,24.0
24.5,24.0
25.0,24.0
26.0,24.0
26.5,24.0
27.0,24.0
29.0,24.0
0.5,23.5
2.5,23.5
3.0,23.5
3.5,23.5
4.5,23.5
5.0,23.5
8.0,23.5
8.5,23.5
10.0,23.5
11.0,23.5
11.5,23.5
12.5,23.5
13.5,23.5
14.0,23.5
14.5,23.5
15.0,23.5
15.5,23.5
16.0,23.5
17.0,23.5
18.0,23.5
18.5,23.5
19.5,23.5
21.0,23.5
21.5,23.5
24.5,23.5
25.0,23.5
26.0,23.5
26.5,23.5
27.0,23.5
29.0,23.5
0.5,23.0
2.5,23.0
3.0,23.0
3.5,23.0
4.5,23.0
5.0,23.0
8.0,23.0
8.5,23.0
10.0,23.0
11.0,23.0
11.5,23.0
12.5,23.0
13.5,23.0
14.0,23.0
14.5,23.0
15.0,23.0
15.5,23.0
16.0,23.0
17.0,23.0
18.0,23.0
18.5,23.0
19.5,23.0
21.0,23.0
21.5,23.0
24.5,23.0
25.0,23.0
26.0,23.0
26.5,23.0
27.0,23.0
29.0,23.0
0.5,22.5
2.5,22.5
3.0,22.5
3.5,22.5
4.5,22.5
5.0,22.5
8.0,22.5
8.5,22.5
10.0,22.5
11.0,22.5
11.5,22.5
12.5,22.5
13.5,22.5
14.0,22.5
14.5,22.5
15.0,22.5
15.5,22.5
16.0,22.5
17.0,22.5
18.0,22.5
18.5,22.5
19.5,22.5
21.0,22.5
21.5,22.5
24.5,22.5
25.0,22.5
26.0,22.5
26.5,22.5
27.0,22.5
29.0,22.5
0.5,22.0
2.5,22.0
3.0,22.0
3.5,22.0
4.5,22.0
5.0,22.0
8.0,22.0
8.5,22.0
10.0,22.0
11.0,22.0
11.5,22.0
12.5,22.0
13.5,22.0
14.0,22.0
14.5,22.0
15.0,22.0
15.5,22.0
16.0,22.0
17.0,22.0
18.0,22.0
18.5,22.0
19.5,22.0
21.0,22.0
21.5,22.0
24.5,22.0
25.0,22.0
26.0,22.0
26.5,22.0
27.0,22.0
29.0,22.0
0.0,21.5
1.0,21.5
1.5,21.5
2.0,21.5
4.0,21.5
5.5,21.5
6.0,21.5
6.5,21.5
7.0,21.5
7.5,21.5
9.0,21.5
9.5,21.5
10.5,21.5
12.0,21.5
13.0,21.5
16.5,21.5
17.5,21.5
19.0,21.5
20.0,21.5
20.5,21.5
22.0,21.5
22.5,21.5
23.0,21.5
23.5,21.5
24.0,21.5
25.5,21.5
27.5,21.5
28.0,21.5
28.5,21.5
29.5,21.5
0.0,21.0
1.0,21.0
1.5,21.0
2.0,21.0
4.0,21.0
5.5,21.0
6.0,21.0
6.5,21.0
7.0,21.0
7.5,21.0
9.0,21.0
9.5,21.0
10.5,21.0
12.0,21.0
13.0,21.0
16.5,21.0
17.5,21.0
19.0,21.0
20.0,21.0
20.5,21.0
22.0,21.0
22.5,21.0
23.0,21.0
23.5,21.0
24.0,21.0
25.5,21.0
27.5,21.0
28.0,21.0
28.5,21.0
29.5,21.0
0.5,20.5
2.5,20.5
3.0,20.5
3.5,20.5
4.5,20.5
5.0,20.5
8.0,20.5
8.5,20.5
10.0,20.5
11.0,20.5
11.5,20.5
12.5,20.5
13.5,20.5
14.0,20.5
14.5,20.5
15.0,20.5
15.5,20.5
16.0,20.5
17.0,20.5
18.0,20.5
18.5,20.5
19.5,20.5
21.0,20.5
21.5,20.5
24.5,20.5
25.0,20.5
26.0,20.5
26.5,20.5
27.0,20.5
29.0,20.5
0.5,20.0
2.5,20.0
3.0,20.0
3.5,20.0
4.5,20.0
5.0,20.0
8.0,20.0
8.5,20.0
10.0,20.0
11.0,20.0
11.5,20.0
12.5,20.0
13.5,20.0
14.0,20.0
14.5,20.0
15.0,20.0
15.5,20.0
16.0,20.0
17.0,20.0
18.0,20.0
18.5,20.0
19.5,20.0
21.0,20.0
21.5,20.0
24.5,20.0
25.0,20.0
26.0,20.0
26.5,20.0
27.0,20.0
29.0,20.0
0.0,19.5
1.0,19.5
1.5,19.5
2.0,19.5
4.0,19.5
5.5,19.5
6.0,19.5
6.5,19.5
7.0,19.5
7.5,19.5
9.0,19.5
9.5,19.5
10.5,19.5
12.0,19.5
13.0,19.5
16.5,19.5
17.5,19.5
19.0,19.5
20.0,19.5
20.5,19.5
22.0,19.5
22.5,19.5
23.0,19.5
23.5,19.5
24.0,19.5
25.5,19.5
27.5,19.5
28.0,19.5
28.5,19.5
29.5,19.5
0.5,19.0
2.5,19.0
3.0,19.0
3.5,19.0
4.5,19.0
5.0,19.0
8.0,19.0
8.5,19.0
10.0,19.0
11.0,19.0
11.5,19.0
12.5,19.0
13.5,19.0
14.0,19.0
14.5,19.0
15.0,19.0
15.5,19.0
16.0,19.0
17.0,19.0
18.0,19.0
18.5,19.0
19.5,19.0
21.0,19.0
21.5,19.0
24.5,19.0
25.0,19.0
26.0,19.0
26.5,19.0
27.0,19.0
29.0,19.0
0.0,18.5
1.0,18.5
1.5,18.5
2.0,18.5
4.0,18.5
5.5,18.5
6.0,18.5
6.5,18.5
7.0,18.5
7.5,18.5
9.0,18.5
9.5,18.5
10.5,18.5
12.0,18.5
13.0,18.5
16.5,18.5
17.5,18.5
19.0,18.5
20.0,18.5
20.5,18.5
22.0,18.5
22.5,18.5
23.0,18.5
23.5,18.5
24.0,18.5
25.5,18.5
27.5,18.5
28.0,18.5
28.5,18.5
29.5,18.5
0.0,18.0
1.0,18.0
1.5,18.0
2.0,18.0
4.0,18.0
5.5,18.0
6.0,18.0
6.5,18.0
7.0,18.0
7.5,18.0
9.0,18.0
9.5,18.0
10.5,18.0
12.0,18.0
13.0,18.0
16.5,18.0
17.5,18.0
19.0,18.0
20.0,18.0
20.5,18.0
22.0,18.0
22.5,18.0
23.0,18.0
23.5,18.0
24.0,18.0
25.5,18.0
27.5,18.0
28.0,18.0
28.5,18.0
29.5,18.0
0.5,17.5
2.5,17.5
3.0,17.5
3.5,17.5
4.5,17.5
5.0,17.5
8.0,17.5
8.5,17.5
10.0,17.5
11.0,17.5
11.5,17.5
12.5,17.5
13.5,17.5
14.0,17.5
14.5,17.5
15.0,17.5
15.5,17.5
16.0,17.5
17.0,17.5
18.0,17.5
18.5,17.5
19.5,17.5
21.0,17.5
21.5,17.5
24.5,17.5
25.0,17.5
26.0,17.5
26.5,17.5
27.0,17.5
29.0,17.5
0.0,17.0
1.0,17.0
1.5,17.0
2.0,17.0
4.0,17.0
5.5,17.0
6.0,17.0
6.5,17.0
7.0,17.0
7.5,17.0
9.0,17.0
9.5,17.0
10.5,17.0
12.0,17.0
13.0,17.0
16.5,17.0
17.5,17.0
19.0,17.0
20.0,17.0
20.5,17.0
22.0,17.0
22.5,17.0
23.0,17.0
23.5,17.0
24.0,17.0
25.5,17.0
27.5,17.0
28.0,17.0
28.5,17.0
29.5,17.0
0.5,16.5
2.5,16.5
3.0,16.5
3.5,16.5
4.5,16.5
5.0,16.5
8.0,16.5
8.5,16.5
10.0,16.5
11.0,16.5
11.5,16.5
12.5,16.5
13.5,16.5
14.0,16.5
14.5,16.5
15.0,16.5
15.5,16.5
16.0,16.5
17.0,16.5
18.0,16.5
18.5,16.5
19.5,16.5
21.0,16.5
21.5,16.5
24.5,16.5
25.0,16.5
26.0,16.5
26.5,16.5
27.0,16.5
29.0,16.5
0.0,16.0
1.0,16.0
1.5,16.0
2.0,16.0
4.0,16.0
5.5,16.0
6.0,16.0
6.5,16.0
7.0,16.0
7.5,16.0
9.0,16.0
9.5,16.0
10.5,16.0
12.0,16.0
13.0,16.0
16.5,16.0
17.5,16.0
19.0,16.0
20.0,16.0
20.5,16.0
22.0,16.0
22.5,16.0
23.0,16.0
23.5,16.0
24.0,16.0
25.5,16.0
27.5,16.0
28.0,16.0
28.5,16.0
29.5,16.0
0.0,15.5
1.0,15.5
1.5,15.5
2.0,15.5
4.0,15.5
5.5,15.5
6.0,15.5
6.5,15.5
7.0,15.5
7.5,15.5
9.0,15.5
9.5,15.5
10.5,15.5
12.0,15.5
13.0,15.5
16.5,15.5
17.5,15.5
19.0,15.5
20.0,15.5
20.5,15.5
22.0,15.5
22.5,15.5
23.0,15.5
23.5,15.5
24.0,15.5
25.5,15.5
27.5,15.5
28.0,15.5
28.5,15.5
29.5,15.5
0.0,15.0
1.0,15.0
1.5,15.0
2.0,15.0
4.0,15.0
5.5,15.0
6.0,15.0
6.5,15.0
7.0,15.0
7.5,15.0
9.0,15.0
9.5,15.0
10.5,15.0
12.0,15.0
13.0,15.0
16.5,15.0
17.5,15.0
19.0,15.0
20.0,15.0
20.5,15.0
22.0,15.0
22.5,15.0
23.0,15.0
23.5,15.0
24.0,15.0
25.5,15.0
27.5,15.0
28.0,15.0
28.5,15.0
29.5,15.0
0.0,14.5
1.0,14.5
1.5,14.5
2.0,14.5
4.0,14.5
5.5,14.5
6.0,14.5
6.5,14.5
7.0,14.5
7.5,14.5
9.0,14.5
9.5,14.5
10.5,14.5
12.0,14.5
13.0,14.5
16.5,14.5
17.5,14.5
19.0,14.5
20.0,14.5
20.5,14.5
22.0,14.5
22.5,14.5
23.0,14.5
23.5,14.5
24.0,14.5
25.5,14.5
27.5,14.5
28.0,14.5
28.5,14.5
29.5,14.5
0.0,14.0
1.0,14.0
1.5,14.0
2.0,14.0
4.0,14.0
5.5,14.0
6.0,14.0
6.5,14.0
7.0,14.0
7.5,14.0
9.0,14.0
9.5,14.0
10.5,14.0
12.0,14.0
13.0,14.0
16.5,14.0
17.5,14.0
19.0,14.0
20.0,14.0
20.5,14.0
22.0,14.0
22.5,14.0
23.0,14.0
23.5,14.0
24.0,14.0
25.5,14.0
27.5,14.0
28.0,14.0
28.5,14.0
29.5,14.0
0.0,13.5
1.0,13.5
1.5,13.5
2.0,13.5
4.0,13.5
5.5,13.5
6.0,13.5
6.5,13.5
7.0,13.5
7.5,13.5
9.0,13.5
9.5,13.5
10.5,13.5
12.0,13.5
13.0,13.5
16.5,13.5
17.5,13.5
19.0,13.5
20.0,13.5
20.5,13.5
22.0,13.5
22.5,13.5
23.0,13.5
23.5,13.5
24.0,13.5
25.5,13.5
27.5,13.5
28.0,13.5
28.5,13.5
29.5,13.5
0.5,13.0
2.5,13.0
3.0,13.0
3.5,13.0
4.5,13.0
5.0,13.0
8.0,13.0
8.5,13.0
10.0,13.0
11.0,13.0
11.5,13.0
12.5,13.0
13.5,13.0
14.0,13.0
14.5,13.0
15.0,13.0
15.5,13.0
16.0,13.0
17.0,13.0
18.0,13.0
18.5,13.0
19.5,13.0
21.0,13.0
21.5,13.0
24.5,13.0
25.0,13.0
26.0,13.0
26.5,13.0
27.0,13.0
29.0,13.0
0.0,12.5
1.0,12.5
1.5,12.5
2.0,12.5
4.0,12.5
5.5,12.5
6.0,12.5
6.5,12.5
7.0,12.5
7.5,12.5
9.0,12.5
9.5,12.5
10.5,12.5
12.0,12.5
13.0,12.5
16.5,12.5
17.5,12.5
19.0,12.5
20.0,12.5
20.5,12.5
22.0,12.5
22.5,12.5
23.0,12.5
23.5,12.5
24.0,12.5
25.5,12.5
27.5,12.5
28.0,12.5
28.5,12.5
29.5,12.5
0.5,12.0
2.5,12.0
3.0,12.0
3.5,12.0
4.5,12.0
5.0,12.0
8.0,12.0
8.5,12.0
10.0,12.0
11.0,12.0
11.5,12.0
12.5,12.0
13.5,12.0
14.0,12.0
14.5,12.0
15.0,12.0
15.5,12.0
16.0,12.0
17.0,12.0
18.0,12.0
18.5,12.0
19.5,12.0
21.0,12.0
21.5,12.0
24.5,12.0
25.0,12.0
26.0,12.0
26.5,12.0
27.0,12.0
29.0,12.0
0.0,11.5
1.0,11.5
1.5,11.5
2.0,11.5
4.0,11.5
5.5,11.5
6.0,11.5
6.5,11.5
7.0,11.5
7.5,11.5
9.0,11.5
9.5,11.5
10.5,11.5
12.0,11.5
13.0,11.5
16.5,11.5
17.5,11.5
19.0,11.5
20.0,11.5
20.5,11.5
22.0,11.5
22.5,11.5
23.0,11.5
23.5,11.5
24.0,11.5
25.5,11.5
27.5,11.5
28.0,11.5
28.5,11.5
29.5,11.5
0.0,11.0
1.0,11.0
1.5,11.0
2.0,11.0
4.0,11.0
5.5,11.0
6.0,11.0
6.5,11.0
7.0,11.0
7.5,11.0
9.0,11.0
9.5,11.0
10.5,11.0
12.0,11.0
13.0,11.0
16.5,11.0
17.5,11.0
19.0,11.0
20.0,11.0
20.5,11.0
22.0,11.0
22.5,11.0
23.0,11.0
23.5,11.0
24.0,11.0
25.5,11.0
27.5,11.0
28.0,11.0
28.5,11.0
29.5,11.0
0.5,10.5
2.5,10.5
3.0,10.5
3.5,10.5
4.5,10.5
5.0,10.5
8.0,10.5
8.5,10.5
10.0,10.5
11.0,10.5
11.5,10.5
12.5,10.5
13.5,10.5
14.0,10.5
14.5,10.5
15.0,10.5
15.5,10.5
16.0,10.5
17.0,10.5
18.0,10.5
18.5,10.5
19.5,10.5
21.0,10.5
21.5,10.5
24.5,10.5
25.0,10.5
26.0,10.5
26.5,10.5
27.0,10.5
29.0,10.5
0.0,10.0
1.0,10.0
1.5,10.0
2.0,10.0
4.0,10.0
5.5,10.0
6.0,10.0
6.5,10.0
7.0,10.0
7.5,10.0
9.0,10.0
9.5,10.0
10.5,10.0
12.0,10.0
13.0,10.0
16.5,10.0
17.5,10.0
19.0,10.0
20.0,10.0
20.5,10.0
22.0,10.0
22.5,10.0
23.0,10.0
23.5,10.0
24.0,10.0
25.5,10.0
27.5,10.0
28.0,10.0
28.5,10.0
29.5,10.0
0.5,9.5
2.5,9.5
3.0,9.5
3.5,9.5
4.5,9.5
5.0,9.5
8.0,9.5
8.5,9.5
10.0,9.5
11.0,9.5
11.5,9.5
12.5,9.5
13.5,9.5
14.0,9.5
14.5,9.5
15.0,9.5
15.5,9.5
16.0,9.5
17.0,9.5
18.0,9.5
18.5,9.5
19.5,9.5
21.0,9.5
21.5,9.5
24.5,9.5
25.0,9.5
26.0,9.5
26.5,9.5
27.0,9.5
29.0,9.5
0.5,9.0
2.5,9.0
3.0,9.0
3.5,9.0
4.5,9.0
5.0,9.0
8.0,9.0
8.5,9.0
10.0,9.0
11.0,9.0
11.5,9.0
12.5,9.0
13.5,9.0
14.0,9.0
14.5,9.0
15.0,9.0
15.5,9.0
16.0,9.0
17.0,9.0
18.0,9.0
18.5,9.0
19.5,9.0
21.0,9.0
21.5,9.0
24.5,9.0
25.0,9.0
26.0,9.0
26.5,9.0
27.0,9.0
29.0,9.0
0.0,8.5
1.0,8.5
1.5,8.5
2.0,8.5
4.0,8.5
5.5,8.5
6.0,8.5
6.5,8.5
7.0,8.5
7.5,8.5
9.0,8.5
9.5,8.5
10.5,8.5
12.0,8.5
13.0,8.5
16.5,8.5
17.5,8.5
19.0,8.5
20.0,8.5
20.5,8.5
22.0,8.5
22.5,8.5
23.0,8.5
23.5,8.5
24.0,8.5
25.5,8.5
27.5,8.5
28.0,8.5
28.5,8.5
29.5,8.5
0.0,8.0
1.0,8.0
1.5,8.0
2.0,8.0
4.0,8.0
5.5,8.0
6.0,8.0
6.5,8.0
7.0,8.0
7.5,8.0
9.0,8.0
9.5,8.0
10.5,8.0
12.0,8.0
13.0,8.0
16.5,8.0
17.5,8.0
19.0,8.0
20.0,8.0
20.5,8.0
22.0,8.0
22.5,8.0
23.0,8.0
23.5,8.0
24.0,8.0
25.5,8.0
27.5,8.0
28.0,8.0
28.5,8.0
29.5,8.0
0.5,7.5
2.5,7.5
3.0,7.5
3.5,7.5
4.5,7.5
5.0,7.5
8.0,7.5
8.5,7.5
10.0,7.5
11.0,7.5
11.5,7.5
12.5,7.5
13.5,7.5
14.0,7.5
14.5,7.5
15.0,7.5
15.5,7.5
16.0,7.5
17.0,7.5
18.0,7.5
18.5,7.5
19.5,7.5
21.0,7.5
21.5,7.5
24.5,7.5
25.0,7.5
26.0,7.5
26.5,7.5
27.0,7.5
29.0,7.5
0.5,7.0
2.5,7.0
3.0,7.0
3.5,7.0
4.5,7.0
5.0,7.0
8.0,7.0
8.5,7.0
10.0,7.0
11.0,7.0
11.5,7.0
12.5,7.0
13.5,7.0
14.0,7.0
14.5,7.0
15.0,7.0
15.5,7.0
16.0,7.0
17.0,7.0
18.0,7.0
18.5,7.0
19.5,7.0
21.0,7.0
21.5,7.0
24.5,7.0
25.0,7.0
26.0,7.0
26.5,7.0
27.0,7.0
29.0,7.0
0.5,6.5
2.5,6.5
3.0,6.5
3.5,6.5
4.5,6.5
5.0,6.5
8.0,6.5
8.5,6.5
10.0,6.5
11.0,6.5
11.5,6.5
12.5,6.5
13.5,6.5
14.0,6.5
14.5,6.5
15.0,6.5
15.5,6.5
16.0,6.5
17.0,6.5
18.0,6.5
18.5,6.5
19.5,6.5
21.0,6.5
21.5,6.5
24.5,6.5
25.0,6.5
26.0,6.5
26.5,6.5
27.0,6.5
29.0,6.5
0.5,6.0
2.5,6.0
3.0,6.0
3.5,6.0
4.5,6.0
5.0,6.0
8.0,6.0
8.5,6.0
10.0,6.0
11.0,6.0
11.5,6.0
12.5,6.0
13.5,6.0
14.0,6.0
14.5,6.0
15.0,6.0
15.5,6.0
16.0,6.0
17.0,6.0
18.0,6.0
18.5,6.0
19.5,6.0
21.0,6.0
21.5,6.0
24.5,6.0
25.0,6.0
26.0,6.0
26.5,6.0
27.0,6.0
29.0,6.0
0.5,5.5
2.5,5.5
3.0,5.5
3.5,5.5
4.5,5.5
5.0,5.5
8.0,5.5
8.5,5.5
10.0,5.5
11.0,5.5
11.5,5.5
12.5,5.5
13.5,5.5
14.0,5.5
14.5,5.5
15.0,5.5
15.5,5.5
16.0,5.5
17.0,5.5
18.0,5.5
18.5,5.5
19.5,5.5
21.0,5.5
21.5,5.5
24.5,5.5
25.0,5.5
26.0,5.5
26.5,5.5
27.0,5.5
29.0,5.5
0.0,5.0
1.0,5.0
1.5,5.0
2.0,5.0
4.0,5.0
5.5,5.0
6.0,5.0
6.5,5.0
7.0,5.0
7.5,5.0
9.0,5.0
9.5,5.0
10.5,5.0
12.0,5.0
13.0,5.0
16.5,5.0
17.5,5.0
19.0,5.0
20.0,5.0
20.5,5.0
22.0,5.0
22.5,5.0
23.0,5.0
23.5,5.0
24.0,5.0
25.5,5.0
27.5,5.0
28.0,5.0
28.5,5.0
29.5,5.0
0.0,4.5
1.0,4.5
1.5,4.5
2.0,4.5
4.0,4.5
5.5,4.5
6.0,4.5
6.5,4.5
7.0,4.5
7.5,4.5
9.0,4.5
9.5,4.5
10.5,4.5
12.0,4.5
13.0,4.5
16.5,4.5
17.5,4.5
19.0,4.5
20.0,4.5
20.5,4.5
22.0,4.5
22.5,4.5
23.0,4.5
23.5,4.5
24.0,4.5
25.5,4.5
27.5,4.5
28.0,4.5
28.5,4.5
29.5,4.5
0.5,4.0
2.5,4.0
3.0,4.0
3.5,4.0
4.5,4.0
5.0,4.0
8.0,4.0
8.5,4.0
10.0,4.0
11.0,4.0
11.5,4.0
12.5,4.0
13.5,4.0
14.0,4.0
14.5,4.0
15.0,4.0
15.5,4.0
16.0,4.0
17.0,4.0
18.0,4.0
18.5,4.0
19.5,4.0
21.0,4.0
21.5,4.0
24.5,4.0
25.0,4.0
26.0,4.0
26.5,4.0
27.0,4.0
29.0,4.0
0.0,3.5
1.0,3.5
1.5,3.5
2.0,3.5
4.0,3.5
5.5,3.5
6.0,3.5
6.5,3.5
7.0,3.5
7.5,3.5
9.0,3.5
9.5,3.5
10.5,3.5
12.0,3.5
13.0,3.5
16.5,3.5
17.5,3.5
19.0,3.5
20.0,3.5
20.5,3.5
22.0,3.5
22.5,3.5
23.0,3.5
23.5,3.5
24.0,3.5
25.5,3.5
27.5,3.5
28.0,3.5
28.5,3.5
29.5,3.5
0.0,3.0
1.0,3.0
1.5,3.0
2.0,3.0
4.0,3.0
5.5,3.0
6.0,3.0
6.5,3.0
7.0,3.0
7.5,3.0
9.0,3.0
9.5,3.0
10.5,3.0
12.0,3.0
13.0,3.0
16.5,3.0
17.5,3.0
19.0,3.0
20.0,3.0
20.5,3.0
22.0,3.0
22.5,3.0
23.0,3.0
23.5,3.0
24.0,3.0
25.5,3.0
27.5,3.0
28.0,3.0
28.5,3.0
29.5,3.0
0.0,2.5
1.0,2.5
1.5,2.5
2.0,2.5
4.0,2.5
5.5,2.5
6.0,2.5
6.5,2.5
7.0,2.5
7.5,2.5
9.0,2.5
9.5,2.5
10.5,2.5
12.0,2.5
13.0,2.5
16.5,2.5
17.5,2.5
19.0,2.5
20.0,2.5
20.5,2.5
22.0,2.5
22.5,2.5
23.0,2.5
23.5,2.5
24.0,2.5
25.5,2.5
27.5,2.5
28.0,2.5
28.5,2.5
29.5,2.5
0.5,2.0
2.5,2.0
3.0,2.0
3.5,2.0
4.5,2.0
5.0,2.0
8.0,2.0
8.5,2.0
10.0,2.0
11.0,2.0
11.5,2.0
12.5,2.0
13.5,2.0
14.0,2.0
14.5,2.0
15.0,2.0
15.5,2.0
16.0,2.0
17.0,2.0
18.0,2.0
18.5,2.0
19.5,2.0
21.0,2.0
21.5,2.0
24.5,2.0
25.0,2.0
26.0,2.0
26.5,2.0
27.0,2.0
29.0,2.0
0.5,1.5
2.5,1.5
3.0,1.5
3.5,1.5
4.5,1.5
5.0,1.5
8.0,1.5
8.5,1.5
10.0,1.5
11.0,1.5
11.5,1.5
12.5,1.5
13.5,1.5
14.0,1.5
14.5,1.5
15.0,1.5
15.5,1.5
16.0,1.5
17.0,1.5
18.0,1.5
18.5,1.5
19.5,1.5
21.0,1.5
21.5,1.5
24.5,1.5
25.0,1.5
26.0,1.5
26.5,1.5
27.0,1.5
29.0,1.5
0.5,1.0
2.5,1.0
3.0,1.0
3.5,1.0
4.5,1.0
5.0,1.0
8.0,1.0
8.5,1.0
10.0,1.0
11.0,1.0
11.5,1.0
12.5,1.0
13.5,1.0
14.0,1.0
14.5,1.0
15.0,1.0
15.5,1.0
16.0,1.0
17.0,1.0
18.0,1.0
18.5,1.0
19.5,1.0
21.0,1.0
21.5,1.0
24.5,1.0
25.0,1.0
26.0,1.0
26.5,1.0
27.0,1.0
29.0,1.0
0.0,0.5
1.0,0.5
1.5,0.5
2.0,0.5
4.0,0.5
5.5,0.5
6.0,0.5
6.5,0.5
7.0,0.5
7.5,0.5
9.0,0.5
9.5,0.5
10.5,0.5
12.0,0.5
13.0,0.5
16.5,0.5
17.5,0.5
19.0,0.5
20.0,0.5
20.5,0.5
22.0,0.5
22.5,0.5
23.0,0.5
23.5,0.5
24.0,0.5
25.5,0.5
27.5,0.5
28.0,0.5
28.5,0.5
29.5,0.5
0.5,0.0
2.5,0.0
3.0,0.0
3.5,0.0
4.5,0.0
5.0,0.0
8.0,0.0
8.5,0.0
10.0,0.0
11.0,0.0
11.5,0.0
12.5,0.0
13.5,0.0
14.0,0.0
14.5,0.0
15.0,0.0
15.5,0.0
16.0,0.0
17.0,0.0
18.0,0.0
18.5,0.0
19.5,0.0
21.0,0.0
21.5,0.0
24.5,0.0
25.0,0.0
26.0,0.0
26.5,0.0
27.0,0.0
29.0,0.0
0.0,60.5
0.5,60.5
1.0,60.5
1.5,60.5
2.0,60.5
2.5,60.5
3.0,60.5
3.5,60.5
4.0,60.5
4.5,60.5
5.0,60.5
5.5,60.5
6.0,60.5
6.5,60.5
7.0,60.5
7.5,60.5
8.0,60.5
8.5,60.5
9.0,60.5
9.5,60.5
10.0,60.5
10.5,60.5
11.0,60.5
11.5,60.5
12.0,60.5
12.5,60.5
13.0,60.5
13.5,60.5
14.0,60.5
14.5,60.5
15.0,60.5
15.5,60.5
16.0,60.5
16.5,60.5
17.0,60.5
17.5,60.5
18.0,60.5
18.5,60.5
19.0,60.5
19.5,60.5
20.0,60.5
20.5,60.5
21.0,60.5
21.5,60.5
22.0,60.5
22.5,60.5
23.0,60.5
23.5,60.5
24.0,60.5
24.5,60.5
25.0,60.5
25.5,60.5
26.0,60.5
26.5,60.5
27.0,60.5
27.5,60.5
28.0,60.5
28.5,60.5
29.0,60.5
29.5,60.5
0.5,60.0
2.5,60.0
3.0,60.0
3.5,60.0
4.5,60.0
5.0,60.0
8.0,60.0
8.5,60.0
10.0,60.0
11.0,60.0
11.5,60.0
12.5,60.0
13.5,60.0
14.0,60.0
14.5,60.0
15.0,60.0
15.5,60.0
16.0,60.0
17.0,60.0
18.0,60.0
18.5,60.0
19.5,60.0
21.0,60.0
21.5,60.0
24.5,60.0
25.0,60.0
26.0,60.0
26.5,60.0
27.0,60.0
29.0,60.0
0.0,59.5
1.0,59.5
1.5,59.5
2.0,59.5
4.0,59.5
5.5,59.5
6.0,59.5
6.5,59.5
7.0,59.5
7.5,59.5
9.0,59.5
9.5,59.5
10.5,59.5
12.0,59.5
13.0,59.5
16.5,59.5
17.5,59.5
19.0,59.5
20.0,59.5
20.5,59.5
22.0,59.5
22.5,59.5
23.0,59.5
23.5,59.5
24.0,59.5
25.5,59.5
27.5,59.5
28.0,59.5
28.5,59.5
29.5,59.5
0.5,59.0
2.5,59.0
3.0,59.0
3.5,59.0
4.5,59.0
5.0,59.0
8.0,59.0
8.5,59.0
10.0,59.0
11.0,59.0
11.5,59.0
12.5,59.0
13.5,59.0
14.0,59.0
14.5,59.0
15.0,59.0
15.5,59.0
16.0,59.0
17.0,59.0
18.0,59.0
18.5,59.0
19.5,59.0
21.0,59.0
21.5,59.0
24.5,59.0
25.0,59.0
26.0,59.0
26.5,59.0
27.0,59.0
29.0,59.0
0.5,58.5
2.5,58.5
3.0,58.5
3.5,58.5
4.5,58.5
5.0,58.5
8.0,58.5
8.5,58.5
10.0,58.5
11.0,58.5
11.5,58.5
12.5,58.5
13.5,58.5
14.0,58.5
14.5,58.5
15.0,58.5
15.5,58.5
16.0,58.5
17.0,58.5
18.0,58.5
18.5,58.5
19.5,58.5
21.0,58.5
21.5,58.5
24.5,58.5
25.0,58.5
26.0,58.5
26.5,58.5
27.0,58.5
29.0,58.5
0.5,58.0
2.5,58.0
3.0,58.0
3.5,58.0
4.5,58.0
5.0,58.0
8.0,58.0
8.5,58.0
10.0,58.0
11.0,58.0
11.5,58.0
12.5,58.0
13.5,58.0
14.0,58.0
14.5,58.0
15.0,58.0
15.5,58.0
16.0,58.0
17.0,58.0
18.0,58.0
18.5,58.0
19.5,58.0
21.0,58.0
21.5,58.0
24.5,58.0
25.0,58.0
26.0,58.0
26.5,58.0
27.0,58.0
29.0,58.0
0.0,57.5
1.0,57.5
1.5,57.5
2.0,57.5
4.0,57.5
5.5,57.5
6.0,57.5
6.5,57.5
7.0,57.5
7.5,57.5
9.0,57.5
9.5,57.5
10.5,57.5
12.0,57.5
13.0,57.5
16.5,57.5
17.5,57.5
19.0,57.5
20.0,57.5
20.5,57.5
22.0,57.5
22.5,57.5
23.0,57.5
23.5,57.5
24.0,57.5
25.5,57.5
27.5,57.5
28.0,57.5
28.5,57.5
29.5,57.5
0.0,57.0
1.0,57.0
1.5,57.0
2.0,57.0
4.0,57.0
5.5,57.0
6.0,57.0
6.5,57.0
7.0,57.0
7.5,57.0
9.0,57.0
9.5,57.0
10.5,57.0
12.0,57.0
13.0,57.0
16.5,57.0
17.5,57.0
19.0,57.0
20.0,57.0
20.5,57.0
22.0,57.0
22.5,57.0
23.0,57.0
23.5,57.0
24.0,57.0
25.5,57.0
27.5,57.0
28.0,57.0
28.5,57.0
29.5,57.0
0.0,56.5
1.0,56.5
1.5,56.5
2.0,56.5
4.0,56.5
5.5,56.5
6.0,56.5
6.5,56.5
7.0,56.5
7.5,56.5
9.0,56.5
9.5,56.5
10.5,56.5
12.0,56.5
13.0,56.5
16.5,56.5
17.5,56.5
19.0,56.5
20.0,56.5
20.5,56.5
22.0,56.5
22.5,56.5
23.0,56.5
23.5,56.5
24.0,56.5
25.5,56.5
27.5,56.5
28.0,56.5
28.5,56.5
29.5,56.5
0.5,56.0
2.5,56.0
3.0,56.0
3.5,56.0
4.5,56.0
5.0,56.0
8.0,56.0
8.5,56.0
10.0,56.0
11.0,56.0
11.5,56.0
12.5,56.0
13.5,56.0
14.0,56.0
14.5,56.0
15.0,56.0
15.5,56.0
16.0,56.0
17.0,56.0
18.0,56.0
18.5,56.0
19.5,56.0
21.0,56.0
21.5,56.0
24.5,56.0
25.0,56.0
26.0,56.0
26.5,56.0
27.0,56.0
29.0,56.0
0.0,55.5
1.0,55.5
1.5,55.5
2.0,55.5
4.0,55.5
5.5,55.5
6.0,55.5
6.5,55.5
7.0,55.5
7.5,55.5
9.0,55.5
9.5,55.5
10.5,55.5
12.0,55.5
13.0,55.5
16.5,55.5
17.5,55.5
19.0,55.5
20.0,55.5
20.5,55.5
22.0,55.5
22.5,55.5
23.0,55.5
23.5,55.5
24.0,55.5
25.5,55.5
27.5,55.5
28.0,55.5
28.5,55.5
29.5,55.5
0.0,55.0
1.0,55.0
1.5,55.0
2.0,55.0
4.0,55.0
5.5,55.0
6.0,55.0
6.5,55.0
7.0,55.0
7.5,55.0
9.0,55.0
9.5,55.0
10.5,55.0
12.0,55.0
13.0,55.0
16.5,55.0
17.5,55.0
19.0,55.0
20.0,55.0
20.5,55.0
22.0,55.0
22.5,55.0
23.0,55.0
23.5,55.0
24.0,55.0
25.5,55.0
27.5,55.0
28.0,55.0
28.5,55.0
29.5,55.0
0.5,54.5
2.5,54.5
3.0,54.5
3.5,54.5
4.5,54.5
5.0,54.5
8.0,54.5
8.5,54.5
10.0,54.5
11.0,54.5
11.5,54.5
12.5,54.5
13.5,54.5
14.0,54.5
14.5,54.5
15.0,54.5
15.5,54.5
16.0,54.5
17.0,54.5
18.0,54.5
18.5,54.5
19.5,54.5
21.0,54.5
21.5,54.5
24.5,54.5
25.0,54.5
26.0,54.5
26.5,54.5
27.0,54.5
29.0,54.5
0.5,54.0
2.5,54.0
3.0,54.0
3.5,54.0
4.5,54.0
5.0,54.0
8.0,54.0
8.5,54.0
10.0,54.0
11.0,54.0
11.5,54.0
12.5,54.0
13.5,54.0
14.0,54.0
14.5,54.0
15.0,54.0
15.5,54.0
16.0,54.0
17.0,54.0
18.0,54.0
18.5,54.0
19.5,54.0
21.0,54.0
21.5,54.0
24.5,54.0
25.0,54.0
26.0,54.0
26.5,54.0
27.0,54.0
29.0,54.0
0.5,53.5
2.5,53.5
3.0,53.5
3.5,53.5
4.5,53.5
5.0,53.5
8.0,53.5
8.5,53.5
10.0,53.5
11.0,53.5
11.5,53.5
12.5,53.5
13.5,53.5
14.0,53.5
14.5,53.5
15.0,53.5
15.5,53.5
16.0,53.5
17.0,53.5
18.0,53.5
18.5,53.5
19.5,53.5
21.0,53.5
21.5,53.5
24.5,53.5
25.0,53.5
26.0,53.5
26.5,53.5
27.0,53.5
29.0,53.5
0.5,53.0
2.5,53.0
3.0,53.0
3.5,53.0
4.5,53.0
5.0,53.0
8.0,53.0
8.5,53.0
10.0,53.0
11.0,53.0
11.5,53.0
12.5,53.0
13.5,53.0
14.0,53.0
14.5,53.0
15.0,53.0
15.5,53.0
16.0,53.0
17.0,53.0
18.0,53.0
18.5,53.0
19.5,53.0
21.0,53.0
21.5,53.0
24.5,53.0
25.0,53.0
26.0,53.0
26.5,53.0
27.0,53.0
29.0,53.0
0.5,52.5
2.5,52.5
3.0,52.5
3.5,52.5
4.5,52.5
5.0,52.5
8.0,52.5
8.5,52.5
10.0,52.5
11.0,52.5
11.5,52.5
12.5,52.5
13.5,52.5
14.0,52.5
14.5,52.5
15.0,52.5
15.5,52.5
16.0,52.5
17.0,52.5
18.0,52.5
18.5,52.5
19.5,52.5
21.0,52.5
21.5,52.5
24.5,52.5
25.0,52.5
26.0,52.5
26.5,52.5
27.0,52.5
29.0,52.5
0.0,52.0
1.0,52.0
1.5,52.0
2.0,52.0
4.0,52.0
5.5,52.0
6.0,52.0
6.5,52.0
7.0,52.0
7.5,52.0
9.0,52.0
9.5,52.0
10.5,52.0
12.0,52.0
13.0,52.0
16.5,52.0
17.5,52.0
19.0,52.0
20.0,52.0
20.5,52.0
22.0,52.0
22.5,52.0
23.0,52.0
23.5,52.0
24.0,52.0
25.5,52.0
27.5,52.0
28.0,52.0
28.5,52.0
29.5,52.0
0.0,51.5
1.0,51.5
1.5,51.5
2.0,51.5
4.0,51.5
5.5,51.5
6.0,51.5
6.5,51.5
7.0,51.5
7.5,51.5
9.0,51.5
9.5,51.5
10.5,51.5
12.0,51.5
13.0,51.5
16.5,51.5
17.5,51.5
19.0,51.5
20.0,51.5
20.5,51.5
22.0,51.5
22.5,51.5
23.0,51.5
23.5,51.5
24.0,51.5
25.5,51.5
27.5,51.5
28.0,51.5
28.5,51.5
29.5,51.5
0.5,51.0
2.5,51.0
3.0,51.0
3.5,51.0
4.5,51.0
5.0,51.0
8.0,51.0
8.5,51.0
10.0,51.0
11.0,51.0
11.5,51.0
12.5,51.0
13.5,51.0
14.0,51.0
14.5,51.0
15.0,51.0
15.5,51.0
16.0,51.0
17.0,51.0
18.0,51.0
18.5,51.0
19.5,51.0
21.0,51.0
21.5,51.0
24.5,51.0
25.0,51.0
26.0,51.0
26.5,51.0
27.0,51.0
29.0,51.0
0.5,50.5
2.5,50.5
3.0,50.5
3.5,50.5
4.5,50.5
5.0,50.5
8.0,50.5
8.5,50.5
10.0,50.5
11.0,50.5
11.5,50.5
12.5,50.5
13.5,50.5
14.0,50.5
14.5,50.5
15.0,50.5
15.5,50.5
16.0,50.5
17.0,50.5
18.0,50.5
18.5,50.5
19.5,50.5
21.0,50.5
21.5,50.5
24.5,50.5
25.0,50.5
26.0,50.5
26.5,50.5
27.0,50.5
29.0,50.5
0.0,50.0
1.0,50.0
1.5,50.0
2.0,50.0
4.0,50.0
5.5,50.0
6.0,50.0
6.5,50.0
7.0,50.0
7.5,50.0
9.0,50.0
9.5,50.0
10.5,50.0
12.0,50.0
13.0,50.0
16.5,50.0
17.5,50.0
19.0,50.0
20.0,50.0
20.5,50.0
22.0,50.0
22.5,50.0
23.0,50.0
23.5,50.0
24.0,50.0
25.5,50.0
27.5,50.0
28.0,50.0
28.5,50.0
29.5,50.0
0.5,49.5
2.5,49.5
3.0,49.5
3.5,49.5
4.5,49.5
5.0,49.5
8.0,49.5
8.5,49.5
10.0,49.5
11.0,49.5
11.5,49.5
12.5,49.5
13.5,49.5
14.0,49.5
14.5,49.5
15.0,49.5
15.5,49.5
16.0,49.5
17.0,49.5
18.0,49.5
18.5,49.5
19.5,49.5
21.0,49.5
21.5,49.5
24.5,49.5
25.0,49.5
26.0,49.5
26.5,49.5
27.0,49.5
29.0,49.5
0.0,49.0
1.0,49.0
1.5,49.0
2.0,49.0
4.0,49.0
5.5,49.0
6.0,49.0
6.5,49.0
7.0,49.0
7.5,49.0
9.0,49.0
9.5,49.0
10.5,49.0
12.0,49.0
13.0,49.0
16.5,49.0
17.5,49.0
19.0,49.0
20.0,49.0
20.5,49.0
22.0,49.0
22.5,49.0
23.0,49.0
23.5,49.0
24.0,49.0
25.5,49.0
27.5,49.0
28.0,49.0
28.5,49.0
29.5,49.0
0.0,48.5
1.0,48.5
1.5,48.5
2.0,48.5
4.0,48.5
5.5,48.5
6.0,48.5
6.5,48.5
7.0,48.5
7.5,48.5
9.0,48.5
9.5,48.5
10.5,48.5
12.0,48.5
13.0,48.5
16.5,48.5
17.5,48.5
19.0,48.5
20.0,48.5
20.5,48.5
22.0,48.5
22.5,48.5
23.0,48.5
23.5,48.5
24.0,48.5
25.5,48.5
27.5,48.5
28.0,48.5
28.5,48.5
29.5,48.5
0.5,48.0
2.5,48.0
3.0,48.0
3.5,48.0
4.5,48.0
5.0,48.0
8.0,48.0
8.5,48.0
10.0,48.0
11.0,48.0
11.5,48.0
12.5,48.0
13.5,48.0
14.0,48.0
14.5,48.0
15.0,48.0
15.5,48.0
16.0,48.0
17.0,48.0
18.0,48.0
18.5,48.0
19.5,48.0
21.0,48.0
21.5,48.0
24.5,48.0
25.0,48.0
26.0,48.0
26.5,48.0
27.0,48.0
29.0,48.0
0.0,47.5
1.0,47.5
1.5,47.5
2.0,47.5
4.0,47.5
5.5,47.5
6.0,47.5
6.5,47.5
7.0,47.5
7.5,47.5
9.0,47.5
9.5,47.5
10.5,47.5
12.0,47.5
13.0,47.5
16.5,47.5
17.5,47.5
19.0,47.5
20.0,47.5
20.5,47.5
22.0,47.5
22.5,47.5
23.0,47.5
23.5,47.5
24.0,47.5
25.5,47.5
27.5,47.5
28.0,47.5
28.5,47.5
29.5,47.5
0.5,47.0
2.5,47.0
3.0,47.0
3.5,47.0
4.5,47.0
5.0,47.0
8.0,47.0
8.5,47.0
10.0,47.0
11.0,47.0
11.5,47.0
12.5,47.0
13.5,47.0
14.0,47.0
14.5,47.0
15.0,47.0
15.5,47.0
16.0,47.0
17.0,47.0
18.0,47.0
18.5,47.0
19.5,47.0
21.0,47.0
21.5,47.0
24.5,47.0
25.0,47.0
26.0,47.0
26.5,47.0
27.0,47.0
29.0,47.0
0.0,46.5
1.0,46.5
1.5,46.5
2.0,46.5
4.0,46.5
5.5,46.5
6.0,46.5
6.5,46.5
7.0,46.5
7.5,46.5
9.0,46.5
9.5,46.5
10.5,46.5
12.0,46.5
13.0,46.5
16.5,46.5
17.5,46.5
19.0,46.5
20.0,46.5
20.5,46.5
22.0,46.5
22.5,46.5
23.0,46.5
23.5,46.5
24.0,46.5
25.5,46.5
27.5,46.5
28.0,46.5
28.5,46.5
29.5,46.5
0.0,46.0
1.0,46.0
1.5,46.0
2.0,46.0
4.0,46.0
5.5,46.0
6.0,46.0
6.5,46.0
7.0,46.0
7.5,46.0
9.0,46.0
9.5,46.0
10.5,46.0
12.0,46.0
13.0,46.0
16.5,46.0
17.5,46.0
19.0,46.0
20.0,46.0
20.5,46.0
22.0,46.0
22.5,46.0
23.0,46.0
23.5,46.0
24.0,46.0
25.5,46.0
27.5,46.0
28.0,46.0
28.5,46.0
29.5,46.0
0.0,45.5
1.0,45.5
1.5,45.5
2.0,45.5
4.0,45.5
5.5,45.5
6.0,45.5
6.5,45.5
7.0,45.5
7.5,45.5
9.0,45.5
9.5,45.5
10.5,45.5
12.0,45.5
13.0,45.5
16.5,45.5
17.5,45.5
19.0,45.5
20.0,45.5
20.5,45.5
22.0,45.5
22.5,45.5
23.0,45.5
23.5,45.5
24.0,45.5
25.5,45.5
27.5,45.5
28.0,45.5
28.5,45.5
29.5,45.5
0.0,45.0
1.0,45.0
1.5,45.0
2.0,45.0
4.0,45.0
5.5,45.0
6.0,45.0
6.5,45.0
7.0,45.0
7.5,45.0
9.0,45.0
9.5,45.0
10.5,45.0
12.0,45.0
13.0,45.0
16.5,45.0
17.5,45.0
19.0,45.0
20.0,45.0
20.5,45.0
22.0,45.0
22.5,45.0
23.0,45.0
23.5,45.0
24.0,45.0
25.5,45.0
27.5,45.0
28.0,45.0
28.5,45.0
29.5,45.0
0.0,44.5
1.0,44.5
1.5,44.5
2.0,44.5
4.0,44.5
5.5,44.5
6.0,44.5
6.5,44.5
7.0,44.5
7.5,44.5
9.0,44.5
9.5,44.5
10.5,44.5
12.0,44.5
13.0,44.5
16.5,44.5
17.5,44.5
19.0,44.5
20.0,44.5
20.5,44.5
22.0,44.5
22.5,44.5
23.0,44.5
23.5,44.5
24.0,44.5
25.5,44.5
27.5,44.5
28.0,44.5
28.5,44.5
29.5,44.5
0.0,44.0
1.0,44.0
1.5,44.0
2.0,44.0
4.0,44.0
5.5,44.0
6.0,44.0
6.5,44.0
7.0,44.0
7.5,44.0
9.0,44.0
9.5,44.0
10.5,44.0
12.0,44.0
13.0,44.0
16.5,44.0
17.5,44.0
19.0,44.0
20.0,44.0
20.5,44.0
22.0,44.0
22.5,44.0
23.0,44.0
23.5,44.0
24.0,44.0
25.5,44.0
27.5,44.0
28.0,44.0
28.5,44.0
29.5,44.0
0.5,43.5
2.5,43.5
3.0,43.5
3.5,43.5
4.5,43.5
5.0,43.5
8.0,43.5
8.5,43.5
10.0,43.5
11.0,43.5
11.5,43.5
12.5,43.5
13.5,43.5
14.0,43.5
14.5,43.5
15.0,43.5
15.5,43.5
16.0,43.5
17.0,43.5
18.0,43.5
18.5,43.5
19.5,43.5
21.0,43.5
21.5,43.5
24.5,43.5
25.0,43.5
26.0,43.5
26.5,43.5
27.0,43.5
29.0,43.5
0.0,43.0
1.0,43.0
1.5,43.0
2.0,43.0
4.0,43.0
5.5,43.0
6.0,43.0
6.5,43.0
7.0,43.0
7.5,43.0
9.0,43.0
9.5,43.0
10.5,43.0
12.0,43.0
13.0,43.0
16.5,43.0
17.5,43.0
19.0,43.0
20.0,43.0
20.5,43.0
22.0,43.0
22.5,43.0
23.0,43.0
23.5,43.0
24.0,43.0
25.5,43.0
27.5,43.0
28.0,43.0
28.5,43.0
29.5,43.0
0.5,42.5
2.5,42.5
3.0,42.5
3.5,42.5
4.5,42.5
5.0,42.5
8.0,42.5
8.5,42.5
10.0,42.5
11.0,42.5
11.5,42.5
12.5,42.5
13.5,42.5
14.0,42.5
14.5,42.5
15.0,42.5
15.5,42.5
16.0,42.5
17.0,42.5
18.0,42.5
18.5,42.5
19.5,42.5
21.0,42.5
21.5,42.5
24.5,42.5
25.0,42.5
26.0,42.5
26.5,42.5
27.0,42.5
29.0,42.5
0.0,42.0
1.0,42.0
1.5,42.0
2.0,42.0
4.0,42.0
5.5,42.0
6.0,42.0
6.5,42.0
7.0,42.0
7.5,42.0
9.0,42.0
9.5,42.0
10.5,42.0
12.0,42.0
13.0,42.0
16.5,42.0
17.5,42.0
19.0,42.0
20.0,42.0
20.5,42.0
22.0,42.0
22.5,42.0
23.0,42.0
23.5,42.0
24.0,42.0
25.5,42.0
27.5,42.0
28.0,42.0
28.5,42.0
29.5,42.0
0.0,41.5
1.0,41.5
1.5,41.5
2.0,41.5
4.0,41.5
5.5,41.5
6.0,41.5
6.5,41.5
7.0,41.5
7.5,41.5
9.0,41.5
9.5,41.5
10.5,41.5
12.0,41.5
13.0,41.5
16.5,41.5
17.5,41.5
19.0,41.5
20.0,41.5
20.5,41.5
22.0,41.5
22.5,41.5
23.0,41.5
23.5,41.5
24.0,41.5
25.5,41.5
27.5,41.5
28.0,41.5
28.5,41.5
29.5,41.5
0.5,41.0
2.5,41.0
3.0,41.0
3.5,41.0
4.5,41.0
5.0,41.0
8.0,41.0
8.5,41.0
10.0,41.0
11.0,41.0
11.5,41.0
12.5,41.0
13.5,41.0
14.0,41.0
14.5,41.0
15.0,41.0
15.5,41.0
16.0,41.0
17.0,41.0
18.0,41.0
18.5,41.0
19.5,41.0
21.0,41.0
21.5,41.0
24.5,41.0
25.0,41.0
26.0,41.0
26.5,41.0
27.0,41.0
29.0,41.0
0.0,40.5
1.0,40.5
1.5,40.5
2.0,40.5
4.0,40.5
5.5,40.5
6.0,40.5
6.5,40.5
7.0,40.5
7.5,40.5
9.0,40.5
9.5,40.5
10.5,40.5
12.0,40.5
13.0,40.5
16.5,40.5
17.5,40.5
19.0,40.5
20.0,40.5
20.5,40.5
22.0,40.5
22.5,40.5
23.0,40.5
23.5,40.5
24.0,40.5
25.5,40.5
27.5,40.5
28.0,40.5
28.5,40.5
29.5,40.5
0.5,40.0
2.5,40.0
3.0,40.0
3.5,40.0
4.5,40.0
5.0,40.0
8.0,40.0
8.5,40.0
10.0,40.0
11.0,40.0
11.5,40.0
12.5,40.0
13.5,40.0
14.0,40.0
14.5,40.0
15.0,40.0
15.5,40.0
16.0,40.0
17.0,40.0
18.0,40.0
18.5,40.0
19.5,40.0
21.0,40.0
21.5,40.0
24.5,40.0
25.0,40.0
26.0,40.0
26.5,40.0
27.0,40.0
29.0,40.0
0.5,39.5
2.5,39.5
3.0,39.5
3.5,39.5
4.5,39.5
5.0,39.5
8.0,39.5
8.5,39.5
10.0,39.5
11.0,39.5
11.5,39.5
12.5,39.5
13.5,39.5
14.0,39.5
14.5,39.5
15.0,39.5
15.5,39.5
16.0,39.5
17.0,39.5
18.0,39.5
18.5,39.5
19.5,39.5
21.0,39.5
21.5,39.5
24.5,39.5
25.0,39.5
26.0,39.5
26.5,39.5
27.0,39.5
29.0,39.5
0.0,39.0
1.0,39.0
1.5,39.0
2.0,39.0
4.0,39.0
5.5,39.0
6.0,39.0
6.5,39.0
7.0,39.0
7.5,39.0
9.0,39.0
9.5,39.0
10.5,39.0
12.0,39.0
13.0,39.0
16.5,39.0
17.5,39.0
19.0,39.0
20.0,39.0
20.5,39.0
22.0,39.0
22.5,39.0
23.0,39.0
23.5,39.0
24.0,39.0
25.5,39.0
27.5,39.0
28.0,39.0
28.5,39.0
29.5,39.0
0.0,38.5
1.0,38.5
1.5,38.5
2.0,38.5
4.0,38.5
5.5,38.5
6.0,38.5
6.5,38.5
7.0,38.5
7.5,38.5
9.0,38.5
9.5,38.5
10.5,38.5
12.0,38.5
13.0,38.5
16.5,38.5
17.5,38.5
19.0,38.5
20.0,38.5
20.5,38.5
22.0,38.5
22.5,38.5
23.0,38.5
23.5,38.5
24.0,38.5
25.5,38.5
27.5,38.5
28.0,38.5
28.5,38.5
29.5,38.5
0.5,38.0
2.5,38.0
3.0,38.0
3.5,38.0
4.5,38.0
5.0,38.0
8.0,38.0
8.5,38.0
10.0,38.0
11.0,38.0
11.5,38.0
12.5,38.0
13.5,38.0
14.0,38.0
14.5,38.0
15.0,38.0
15.5,38.0
16.0,38.0
17.0,38.0
18.0,38.0
18.5,38.0
19.5,38.0
21.0,38.0
21.5,38.0
24.5,38.0
25.0,38.0
26.0,38.0
26.5,38.0
27.0,38.0
29.0,38.0
0.5,37.5
2.5,37.5
3.0,37.5
3.5,37.5
4.5,37.5
5.0,37.5
8.0,37.5
8.5,37.5
10.0,37.5
11.0,37.5
11.5,37.5
12.5,37.5
13.5,37.5
14.0,37.5
14.5,37.5
15.0,37.5
15.5,37.5
16.0,37.5
17.0,37.5
18.0,37.5
18.5,37.5
19.5,37.5
21.0,37.5
21.5,37.5
24.5,37.5
25.0,37.5
26.0,37.5
26.5,37.5
27.0,37.5
29.0,37.5
0.5,37.0
2.5,37.0
3.0,37.0
3.5,37.0
4.5,37.0
5.0,37.0
8.0,37.0
8.5,37.0
10.0,37.0
11.0,37.0
11.5,37.0
12.5,37.0
13.5,37.0
14.0,37.0
14.5,37.0
15.0,37.0
15.5,37.0
16.0,37.0
17.0,37.0
18.0,37.0
18.5,37.0
19.5,37.0
21.0,37.0
21.5,37.0
24.5,37.0
25.0,37.0
26.0,37.0
26.5,37.0
27.0,37.0
29.0,37.0
0.5,36.5
2.5,36.5
3.0,36.5
3.5,36.5
4.5,36.5
5.0,36.5
8.0,36.5
8.5,36.5
10.0,36.5
11.0,36.5
11.5,36.5
12.5,36.5
13.5,36.5
14.0,36.5
14.5,36.5
15.0,36.5
15.5,36.5
16.0,36.5
17.0,36.5
18.0,36.5
18.5,36.5
19.5,36.5
21.0,36.5
21.5,36.5
24.5,36.5
25.0,36.5
26.0,36.5
26.5,36.5
27.0,36.5
29.0,36.5
0.5,36.0
2.5,36.0
3.0,36.0
3.5,36.0
4.5,36.0
5.0,36.0
8.0,36.0
8.5,36.0
10.0,36.0
11.0,36.0
11.5,36.0
12.5,36.0
13.5,36.0
14.0,36.0
14.5,36.0
15.0,36.0
15.5,36.0
16.0,36.0
17.0,36.0
18.0,36.0
18.5,36.0
19.5,36.0
21.0,36.0
21.5,36.0
24.5,36.0
25.0,36.0
26.0,36.0
26.5,36.0
27.0,36.0
29.0,36.0
0.0,35.5
1.0,35.5
1.5,35.5
2.0,35.5
4.0,35.5
5.5,35.5
6.0,35.5
6.5,35.5
7.0,35.5
7.5,35.5
9.0,35.5
9.5,35.5
10.5,35.5
12.0,35.5
13.0,35.5
16.5,35.5
17.5,35.5
19.0,35.5
20.0,35.5
20.5,35.5
22.0,35.5
22.5,35.5
23.0,35.5
23.5,35.5
24.0,35.5
25.5,35.5
27.5,35.5
28.0,35.5
28.5,35.5
29.5,35.5
0.0,35.0
1.0,35.0
1.5,35.0
2.0,35.0
4.0,35.0
5.5,35.0
6.0,35.0
6.5,35.0
7.0,35.0
7.5,35.0
9.0,35.0
9.5,35.0
10.5,35.0
12.0,35.0
13.0,35.0
16.5,35.0
17.5,35.0
19.0,35.0
20.0,35.0
20.5,35.0
22.0,35.0
22.5,35.0
23.0,35.0
23.5,35.0
24.0,35.0
25.5,35.0
27.5,35.0
28.0,35.0
28.5,35.0
29.5,35.0
0.5,34.5
2.5,34.5
3.0,34.5
3.5,34.5
4.5,34.5
5.0,34.5
8.0,34.5
8.5,34.5
10.0,34.5
11.0,34.5
11.5,34.5
12.5,34.5
13.5,34.5
14.0,34.5
14.5,34.5
15.0,34.5
15.5,34.5
16.0,34.5
17.0,34.5
18.0,34.5
18.5,34.5
19.5,34.5
21.0,34.5
21.5,34.5
24.5,34.5
25.0,34.5
26.0,34.5
26.5,34.5
27.0,34.5
29.0,34.5
0.0,34.0
1.0,34.0
1.5,34.0
2.0,34.0
4.0,34.0
5.5,34.0
6.0,34.0
6.5,34.0
7.0,34.0
7.5,34.0
9.0,34.0
9.5,34.0
10.5,34.0
12.0,34.0
13.0,34.0
16.5,34.0
17.5,34.0
19.0,34.0
20.0,34.0
20.5,34.0
22.0,34.0
22.5,34.0
23.0,34.0
23.5,34.0
24.0,34.0
25.5,34.0
27.5,34.0
28.0,34.0
28.5,34.0
29.5,34.0
0.0,33.5
1.0,33.5
1.5,33.5
2.0,33.5
4.0,33.5
5.5,33.5
6.0,33.5
6.5,33.5
7.0,33.5
7.5,33.5
9.0,33.5
9.5,33.5
10.5,33.5
12.0,33.5
13.0,33.5
16.5,33.5
17.5,33.5
19.0,33.5
20.0,33.5
20.5,33.5
22.0,33.5
22.5,33.5
23.0,33.5
23.5,33.5
24.0,33.5
25.5,33.5
27.5,33.5
28.0,33.5
28.5,33.5
29.5,33.5
0.0,33.0
1.0,33.0
1.5,33.0
2.0,33.0
4.0,33.0
5.5,33.0
6.0,33.0
6.5,33.0
7.0,33.0
7.5,33.0
9.0,33.0
9.5,33.0
10.5,33.0
12.0,33.0
13.0,33.0
16.5,33.0
17.5,33.0
19.0,33.0
20.0,33.0
20.5,33.0
22.0,33.0
22.5,33.0
23.0,33.0
23.5,33.0
24.0,33.0
25.5,33.0
27.5,33.0
28.0,33.0
28.5,33.0
29.5,33.0
0.5,32.5
2.5,32.5
3.0,32.5
3.5,32.5
4.5,32.5
5.0,32.5
8.0,32.5
8.5,32.5
10.0,32.5
11.0,32.5
11.5,32.5
12.5,32.5
13.5,32.5
14.0,32.5
14.5,32.5
15.0,32.5
15.5,32.5
16.0,32.5
17.0,32.5
18.0,32.5
18.5,32.5
19.5,32.5
21.0,32.5
21.5,32.5
24.5,32.5
25.0,32.5
26.0,32.5
26.5,32.5
27.0,32.5
29.0,32.5
0.5,32.0
2.5,32.0
3.0,32.0
3.5,32.0
4.5,32.0
5.0,32.0
8.0,32.0
8.5,32.0
10.0,32.0
11.0,32.0
11.5,32.0
12.5,32.0
13.5,32.0
14.0,32.0
14.5,32.0
15.0,32.0
15.5,32.0
16.0,32.0
17.0,32.0
18.0,32.0
18.5,32.0
19.5,32.0
21.0,32.0
21.5,32.0
24.5,32.0
25.0,32.0
26.0,32.0
26.5,32.0
27.0,32.0
29.0,32.0
0.5,31.5
2.5,31.5
3.0,31.5
3.5,31.5
4.5,31.5
5.0,31.5
8.0,31.5
8.5,31.5
10.0,31.5
11.0,31.5
11.5,31.5
12.5,31.5
13.5,31.5
14.0,31.5
14.5,31.5
15.0,31.5
15.5,31.5
16.0,31.5
17.0,31.5
18.0,31.5
18.5,31.5
19.5,31.5
21.0,31.5
21.5,31.5
24.5,31.5
25.0,31.5
26.0,31.5
26.5,31.5
27.0,31.5
29.0,31.5
0.0,31.0
1.0,31.0
1.5,31.0
2.0,31.0
4.0,31.0
5.5,31.0
6.0,31.0
6.5,31.0
7.0,31.0
7.5,31.0
9.0,31.0
9.5,31.0
10.5,31.0
12.0,31.0
13.0,31.0
16.5,31.0
17.5,31.0
19.0,31.0
20.0,31.0
20.5,31.0
22.0,31.0
22.5,31.0
23.0,31.0
23.5,31.0
24.0,31.0
25.5,31.0
27.5,31.0
28.0,31.0
28.5,31.0
29.5,31.0
0.5,30.5
2.5,30.5
3.0,30.5
3.5,30.5
4.5,30.5
5.0,30.5
8.0,30.5
8.5,30.5
10.0,30.5
11.0,30.5
11.5,30.5
12.5,30.5
13.5,30.5
14.0,30.5
14.5,30.5
15.0,30.5
15.5,30.5
16.0,30.5
17.0,30.5
18.0,30.5
18.5,30.5
19.5,30.5
21.0,30.5
21.5,30.5
24.5,30.5
25.0,30.5
26.0,30.5
26.5,30.5
27.0,30.5
29.0,30.5
